"V1" "V2" "V3" "V4" "V5" "V6" "V7" "V8" "V9" "V10" "V11" "V12" "V13" "V14" "V15" "V16" "V17" "V18" "V19" "V20" "V21" "V22" "V23" "V24" "V25" "V26" "V27" "V28" "V29" "V30" "V31" "V32" "V33" "V34" "V35" "V36" "V37" "V38" "V39" "V40" "V41" "V42" "V43" "V44" "V45" "V46" "V47" "V48" "V49" "V50" "V51" "V52" "V53" "V54" "V55" "V56" "V57" "V58" "V59" "V60" "V61" "V62" "V63" "V64" "V65" "V66" "V67" "V68" "V69" "V70" "V71" "V72" "V73" "V74" "V75" "V76" "V77" "V78" "V79" "V80" "V81" "V82" "V83" "V84" "V85" "V86" "V87" "V88" "V89" "V90" "V91" "V92" "V93" "V94" "V95" "V96" "V97" "V98" "V99" "V100"
"MBREF515" 229 202 205 217 216 198 206 201 196 199 212 211 223 208 211 215 206 223 210 216 210 211 192 209 211 208 197 218 207 219 224 196 218 200 205 214 209 213 216 219 218 211 185 208 213 208 201 215 210 213 213 206 202 210 203 213 230 198 204 206 203 203 210 203 192 201 207 209 212 197 193 200 220 198 212 223 212 199 200 215 215 208 202 200 206 210 213 215 209 214 207 224 204 210 182 209 219 229 205 200
"MBREF714" 228 253 227 225 233 234 231 238 234 228 248 221 237 253 235 230 239 228 241 244 226 221 251 240 241 246 235 227 239 239 236 227 229 233 237 238 248 231 229 228 227 229 231 234 238 249 251 238 252 234 231 238 246 223 241 250 213 223 243 233 234 241 243 235 224 218 229 251 228 230 237 228 239 236 250 245 228 222 247 228 225 229 231 218 218 236 224 225 235 238 247 235 239 228 229 238 231 231 239 230
"MBREF715" 213 215 223 226 221 229 210 214 226 219 223 235 214 235 226 217 212 224 211 218 223 226 217 224 219 213 221 218 223 226 220 204 203 228 205 210 211 209 220 211 217 220 225 217 202 203 223 233 236 208 223 239 221 215 214 216 216 207 221 222 203 209 221 220 208 213 238 227 222 225 233 212 227 210 215 226 217 198 223 211 217 227 206 210 223 211 223 222 234 215 231 220 220 216 217 208 220 216 213 215
"MBREF914" 267 267 288 275 272 282 275 279 278 278 276 269 270 275 267 282 283 265 268 261 290 270 262 279 282 267 287 283 280 294 275 276 287 263 281 279 278 278 274 273 263 279 268 289 292 273 281 285 286 279 272 284 286 275 270 296 295 278 281 276 298 286 294 266 288 280 277 291 287 303 282 263 270 285 304 276 284 280 298 265 260 296 283 280 281 274 267 272 291 280 281 293 291 274 269 300 266 274 280 260
"MBREF915" 300 309 323 295 297 300 293 310 318 319 285 304 295 292 320 309 297 290 293 300 307 312 313 300 308 312 299 310 311 313 294 299 298 278 313 304 299 305 303 296 294 311 306 318 320 308 303 313 301 313 323 310 297 298 297 302 303 297 295 303 317 288 310 310 297 284 304 314 316 299 313 299 287 281 301 287 307 294 296 311 305 291 301 287 312 295 294 313 308 310 307 289 280 286 301 320 316 297 297 317
"MBREJ515" 740 747 736 747 776 771 759 749 731 735 721 747 708 738 740 765 765 735 750 722 727 749 750 752 740 744 737 693 746 729 723 772 739 713 749 746 729 746 758 748 712 776 759 741 742 740 736 751 735 738 747 741 760 767 751 746 717 713 726 736 733 755 736 765 738 734 744 732 730 727 750 715 744 745 735 747 725 722 730 744 761 731 713 751 717 743 739 765 701 735 742 733 738 740 721 746 707 733 745 743
"MBREJ715" 444 432 439 448 449 429 425 413 423 448 437 411 433 430 424 419 419 438 427 440 418 442 461 425 423 459 431 431 438 428 422 417 434 434 443 439 441 419 410 437 437 410 444 434 421 424 423 430 443 444 443 472 426 461 428 431 421 437 428 429 441 424 411 424 407 453 412 451 430 442 430 431 423 418 430 423 436 437 422 430 424 432 432 423 441 433 421 436 441 442 425 426 425 425 426 447 443 414 418 418
"MBREJ915" 329 322 317 327 318 339 320 323 326 306 311 312 323 319 321 315 305 340 335 319 324 315 337 317 327 312 311 333 332 320 330 311 323 335 318 319 319 319 312 323 345 333 332 322 330 318 318 328 331 338 315 325 329 309 321 345 321 313 337 338 328 301 314 323 312 334 314 335 316 336 322 334 338 320 318 312 333 317 332 314 338 327 321 314 319 319 314 327 312 318 319 321 323 325 322 337 325 325 317 296
"MBREK515" 224 213 219 218 211 204 210 199 209 199 227 209 216 219 233 220 216 207 209 225 208 213 228 223 204 228 214 213 203 193 219 209 222 225 212 199 221 214 217 219 199 216 227 217 219 210 214 207 200 204 210 208 220 217 228 197 200 219 223 204 205 210 207 215 207 225 206 199 227 203 203 206 196 221 208 219 231 202 206 208 214 202 212 222 211 213 215 210 200 226 213 219 211 211 212 209 213 225 228 211
"MBREK715" 192 187 186 194 189 192 201 192 206 202 186 199 185 202 185 192 189 193 195 194 189 202 195 171 183 191 190 203 188 195 199 208 199 202 192 185 183 206 190 196 188 190 180 181 196 189 187 201 200 192 200 204 189 201 182 191 204 201 198 191 185 196 199 199 195 203 191 192 184 191 206 194 204 180 201 197 190 190 198 204 189 190 197 182 194 195 203 194 195 189 196 205 205 199 188 193 192 192 191 188
"MBREK915" 269 267 274 271 291 269 268 273 282 283 259 263 253 264 302 278 271 273 270 280 251 272 286 262 266 269 257 271 268 276 271 280 270 275 264 270 258 279 271 266 281 279 259 272 271 256 284 268 270 271 273 266 268 276 264 274 276 273 283 252 283 281 275 280 272 273 262 267 272 272 260 270 281 272 262 279 278 258 254 278 280 270 275 270 285 280 263 281 244 271 274 270 261 275 263 269 260 273 283 260
"MBREP515" 583 572 584 549 578 566 603 578 607 560 590 575 572 592 582 591 567 591 578 573 567 599 549 599 594 563 577 590 586 575 593 582 580 570 579 573 590 582 580 593 577 575 577 583 588 597 600 585 568 599 572 573 589 580 574 582 573 580 593 595 584 603 556 584 576 586 590 594 578 595 592 570 572 580 590 576 576 606 575 589 575 596 613 573 581 580 584 575 593 583 586 562 569 585 597 581 564 606 574 595
"MBREP714" 413 411 401 399 408 396 409 398 407 404 398 400 384 428 403 394 420 409 428 406 400 395 407 405 408 419 402 425 413 411 416 422 405 397 402 402 407 417 400 404 403 391 407 394 423 401 404 400 406 407 413 421 418 395 418 396 420 407 386 399 409 412 394 394 418 398 390 407 397 400 405 413 411 417 389 419 401 436 399 411 401 389 394 420 389 402 416 390 413 399 396 406 432 424 412 393 411 401 410 411
"MBREP715" 446 469 482 467 455 459 454 468 439 452 487 457 477 439 469 454 465 437 462 466 469 444 453 446 474 442 470 470 459 439 478 446 467 462 473 454 466 476 469 461 465 457 456 451 464 456 458 459 473 449 463 451 466 459 449 460 472 461 455 471 464 467 443 469 439 473 457 467 436 447 439 476 486 475 458 458 453 468 451 440 441 465 452 481 462 445 456 453 443 457 449 465 444 449 466 470 463 458 463 474
"MBREP914" 404 385 413 400 386 388 413 402 402 385 392 398 391 398 389 391 374 403 397 396 393 405 381 396 399 402 381 407 399 402 391 400 404 409 403 402 389 406 397 393 407 406 397 405 414 403 400 408 399 398 393 387 396 407 395 406 411 383 379 408 397 387 422 397 398 401 401 384 383 398 389 387 402 375 366 398 397 398 395 394 397 401 384 401 398 393 388 397 386 408 382 398 410 394 415 392 395 380 392 389
"MBREP915" 436 454 462 459 434 455 439 449 449 449 460 446 470 471 425 432 443 444 456 456 433 442 446 426 447 436 440 430 445 450 428 440 422 471 446 452 445 434 438 442 443 458 407 456 455 443 432 455 427 437 452 445 442 428 444 447 447 456 437 452 441 431 451 463 459 442 459 471 450 461 469 444 435 445 452 450 457 441 458 445 447 426 432 429 413 446 448 448 436 451 455 456 441 451 430 430 438 479 442 469
"MDPEF514" 299 307 295 299 278 279 297 307 281 307 300 293 300 292 286 271 317 274 312 294 297 292 305 327 311 299 317 306 295 301 299 279 299 300 298 287 312 300 303 309 310 304 311 306 305 301 292 309 307 299 287 297 288 310 319 297 314 310 289 287 300 295 297 295 294 301 284 311 301 302 300 288 303 290 292 306 312 305 321 292 302 295 308 290 300 318 300 307 324 303 291 327 305 301 282 284 309 283 292 284
"MDPEF515" 194 189 176 190 209 194 197 197 199 207 204 176 207 196 197 206 187 185 200 218 178 199 209 193 214 212 200 190 214 194 193 198 189 207 203 196 199 201 194 202 193 186 194 186 196 214 180 202 198 190 199 198 192 205 198 199 194 210 205 204 215 199 225 193 198 205 206 199 208 192 216 187 203 200 204 195 221 199 180 215 192 205 198 191 193 198 194 192 181 185 201 188 202 200 203 191 210 196 200 199
"MDPEF714" 303 284 277 290 285 282 289 295 295 279 305 294 287 283 272 271 274 299 290 290 292 281 307 289 286 278 278 285 285 292 287 293 280 302 293 286 292 279 286 314 288 290 291 265 297 286 290 283 286 282 264 284 289 287 270 287 297 277 300 290 290 292 280 303 289 291 285 291 297 290 301 284 284 284 277 274 291 293 283 292 285 285 285 276 286 289 285 292 292 302 295 270 300 282 279 286 294 275 293 283
"MDPEF715" 234 230 251 248 261 235 228 242 246 234 234 240 233 254 229 229 238 235 241 241 252 243 246 253 230 241 237 233 239 233 229 244 240 238 245 232 249 254 242 233 233 244 239 249 237 232 246 245 231 236 252 253 249 241 255 224 230 239 244 261 236 246 228 234 239 237 248 240 242 247 226 229 254 236 253 249 245 247 253 249 227 259 247 235 253 240 242 236 238 245 253 243 237 256 246 254 233 229 225 226
"MDPEF914" 265 283 275 278 262 267 271 277 282 276 273 260 269 281 276 265 268 270 263 271 274 274 276 255 265 253 270 274 271 278 274 267 269 258 278 269 265 274 280 266 267 267 269 276 281 268 259 278 257 279 269 270 265 272 282 273 269 255 260 264 277 256 276 274 282 278 261 261 268 281 255 267 255 267 276 265 271 270 263 273 274 252 286 272 283 275 272 281 275 266 257 275 280 266 262 267 284 269 290 268
"MDPEF915" 301 309 296 305 311 299 285 309 299 308 314 285 312 283 296 300 274 284 285 308 296 295 299 306 311 309 309 299 306 294 317 311 302 297 303 288 302 294 297 295 330 307 302 302 295 300 287 313 312 301 310 313 315 300 291 307 286 295 325 297 313 313 301 307 329 307 320 282 290 298 322 297 310 305 304 303 309 305 301 307 310 303 311 297 313 309 314 309 297 287 300 298 293 314 311 307 317 310 294 309
"MDPEJ515" 405 403 408 403 410 414 404 393 412 401 403 400 398 399 410 392 419 407 422 411 417 419 413 398 404 400 408 407 416 424 416 424 402 407 413 419 410 409 394 424 387 401 409 409 419 397 413 412 397 416 400 423 414 414 409 404 403 400 410 382 379 400 409 417 395 412 393 417 417 408 396 412 419 432 399 387 424 415 404 423 426 400 424 404 402 437 399 410 405 412 413 408 406 394 402 386 403 391 414 421
"MDPEJ715" 318 317 361 344 354 328 326 338 343 332 329 346 347 346 347 336 338 327 348 360 339 351 344 338 340 328 343 353 337 352 334 354 343 336 355 334 359 326 347 344 333 334 330 342 313 340 343 326 351 342 345 327 341 354 350 323 337 370 324 329 347 327 348 328 350 340 324 343 340 344 354 346 334 338 353 341 331 322 337 325 334 348 346 323 347 336 327 335 342 326 348 354 343 335 336 340 330 355 323 338
"MDPEJ915" 350 344 357 342 355 360 366 352 341 339 334 348 350 312 339 369 345 345 345 361 351 348 335 351 348 354 340 343 353 359 342 351 367 367 364 340 348 351 357 360 349 350 348 339 363 343 336 352 349 350 345 376 334 330 353 354 368 353 362 368 337 359 351 354 363 331 367 349 362 346 352 340 361 353 360 368 347 349 354 352 360 349 363 358 365 357 342 354 342 351 369 332 344 353 365 324 346 329 346 351
"MDPEK515" 218 210 214 225 217 211 225 205 215 219 207 223 225 218 209 221 223 218 222 200 218 216 206 220 228 221 224 212 223 223 216 236 216 224 206 207 231 218 219 219 210 213 228 206 229 223 205 209 224 224 216 218 197 221 216 220 212 207 231 210 208 223 218 209 220 221 213 220 216 214 245 220 237 199 225 212 214 199 208 212 202 219 210 218 206 212 208 226 206 208 226 232 210 211 197 206 217 216 211 208
"MDPEK715" 227 226 223 229 218 220 220 228 212 228 226 231 233 222 223 228 240 227 233 224 213 235 219 223 239 207 220 221 228 228 211 226 218 209 237 225 233 236 231 223 230 234 228 232 235 214 219 216 221 220 226 237 218 212 238 220 227 232 221 226 216 218 234 233 221 229 223 224 224 221 229 229 226 221 215 236 221 214 225 229 216 220 210 234 217 218 220 223 226 235 230 220 228 239 231 225 222 231 234 228
"MDPEK915" 274 264 293 296 304 295 287 293 294 281 291 286 306 296 309 280 283 286 288 286 284 293 292 295 301 311 274 285 284 276 298 294 296 276 295 271 292 299 294 280 284 310 290 276 283 274 273 285 282 297 296 299 289 282 287 279 287 294 301 286 315 301 283 297 297 284 295 292 298 309 298 295 305 286 298 289 271 289 287 289 307 283 283 294 279 305 281 296 278 288 282 310 277 293 297 297 282 265 292 288
"MDPEP514" 556 577 525 554 569 550 581 540 561 523 558 529 532 539 570 571 585 561 559 548 542 562 545 539 572 563 539 555 554 537 589 556 573 556 546 552 555 544 569 529 569 570 541 537 560 559 545 553 542 566 588 554 572 551 545 549 552 582 533 534 553 557 574 527 550 558 563 566 561 541 539 536 582 551 573 562 536 530 543 525 553 512 564 560 574 545 516 566 568 542 576 525 550 561 538 577 557 554 541 554
"MDPEP515" 440 450 447 439 464 429 437 438 449 446 440 446 470 452 442 438 471 445 450 447 471 465 446 452 449 439 461 452 437 452 455 419 448 435 441 448 454 445 447 432 435 454 441 447 430 467 456 446 435 444 451 443 449 455 448 468 455 443 447 449 442 432 454 436 445 448 447 451 469 442 454 467 442 456 452 432 450 434 443 446 451 427 455 431 448 456 436 446 461 458 448 474 429 448 460 454 459 458 459 451
"MDPEP714" 373 410 383 360 364 380 366 381 379 372 351 385 377 371 384 382 351 376 364 379 399 373 388 363 375 356 385 370 361 376 389 358 381 378 373 366 356 367 382 381 388 366 366 375 354 388 384 384 387 383 368 381 360 387 383 376 371 398 356 365 371 372 379 395 379 362 388 391 366 379 375 374 390 385 394 368 362 371 358 361 369 373 384 379 373 373 361 365 374 386 364 374 361 375 391 371 381 366 370 375
"MDPEP715" 408 414 408 402 383 404 392 400 403 415 399 384 379 388 387 388 379 385 408 405 404 399 415 391 397 409 406 401 393 388 389 408 419 387 410 425 403 412 410 388 404 376 416 410 410 393 396 408 390 401 403 401 411 411 384 395 416 405 408 386 401 410 391 390 417 396 389 392 396 393 384 405 402 403 396 404 393 404 383 390 396 397 384 397 407 392 407 423 396 383 410 409 402 411 398 401 374 388 366 418
"MDPEP914" 360 383 365 368 377 378 383 369 384 347 385 385 357 369 385 365 372 388 378 370 372 377 370 395 364 384 380 367 372 395 391 361 386 398 381 400 373 395 365 369 394 371 388 373 391 385 372 374 398 369 370 366 360 371 364 372 374 394 364 383 346 380 357 404 359 365 371 372 376 358 391 375 393 355 372 364 376 375 382 373 378 369 384 370 357 384 362 380 380 380 375 377 386 386 373 398 371 371 382 368
"MDPEP915" 391 398 410 393 378 394 383 403 421 404 398 397 392 384 421 408 386 397 412 403 386 400 401 396 403 396 397 385 399 414 395 376 406 372 404 393 402 410 398 405 395 381 401 401 383 390 393 398 379 388 417 400 407 393 404 397 403 405 427 385 404 390 399 394 393 401 401 392 408 411 404 407 372 406 414 405 397 415 381 393 398 394 407 407 410 386 406 420 397 409 401 400 384 424 399 403 385 393 404 400
"MINEF514" 522 540 550 560 557 535 560 567 540 548 516 540 565 544 559 532 522 556 557 516 521 540 523 555 546 560 520 543 528 543 526 554 551 514 539 539 516 534 502 543 535 511 540 546 558 537 565 538 518 514 523 531 539 564 566 550 546 538 551 536 520 573 547 552 541 537 541 558 517 542 535 568 550 536 547 550 538 536 522 573 548 560 544 523 552 536 536 540 520 550 543 552 556 560 566 527 528 530 541 559
"MINEF515" 384 385 379 377 379 398 385 403 385 368 365 393 356 386 384 367 384 390 360 369 396 400 356 376 370 373 395 382 365 376 375 388 381 390 376 396 377 376 388 343 372 374 382 380 376 384 403 376 392 381 373 383 365 383 368 389 391 401 367 362 379 394 371 372 387 386 366 381 383 384 394 362 389 412 403 374 373 373 392 383 370 381 371 374 378 363 385 392 365 371 392 377 371 378 384 373 356 377 371 400
"MINEF714" 288 295 305 310 320 289 300 292 301 313 302 289 283 287 320 306 285 303 291 298 297 289 311 291 303 305 307 305 323 290 299 307 297 295 316 305 310 312 293 290 298 298 315 290 297 291 313 302 306 290 302 290 308 293 306 296 298 297 298 312 305 294 293 280 291 297 299 296 312 308 291 279 298 306 295 293 290 307 292 305 306 310 303 298 307 290 308 307 305 293 301 292 290 315 295 296 312 304 290 294
"MINEF715" 356 362 367 363 374 379 353 349 357 365 377 339 334 368 373 374 374 369 367 347 373 372 366 359 357 378 331 372 373 354 348 353 380 353 372 373 359 368 343 356 378 365 361 347 375 361 383 351 375 362 370 366 338 375 380 367 360 365 377 364 350 375 358 364 399 356 372 379 356 349 362 392 370 361 344 387 361 368 362 379 356 350 357 363 341 345 381 351 338 367 364 355 368 381 353 356 363 386 361 360
"MINEF914" 380 397 386 371 377 377 370 396 389 379 384 374 390 368 387 360 396 399 369 387 402 352 385 368 383 347 384 396 379 361 364 370 359 344 363 369 379 389 374 378 389 384 365 369 371 405 383 378 366 372 400 387 400 370 391 382 379 385 383 381 376 383 383 392 375 388 382 370 383 385 375 373 386 392 393 365 380 378 390 367 370 369 382 393 395 381 383 373 380 371 362 400 361 344 393 373 404 381 371 361
"MINEF915" 355 373 362 420 365 379 387 367 384 361 370 394 414 363 394 382 376 364 379 392 387 389 381 391 403 394 380 372 375 384 387 364 371 385 376 373 384 369 386 384 362 373 383 392 382 381 366 367 370 363 371 393 370 370 393 369 410 375 385 386 398 390 361 365 405 387 392 373 393 360 369 397 402 382 401 386 392 366 361 392 374 384 398 362 370 401 390 373 402 373 363 387 374 373 382 384 360 367 400 365
"MINEJ515" 649 632 627 633 641 652 634 661 639 649 639 656 660 653 647 644 628 612 646 646 633 648 661 627 617 631 642 632 637 636 647 686 624 660 668 626 640 631 629 640 636 647 635 644 644 639 648 646 611 658 661 659 657 662 660 654 669 648 642 661 671 684 633 630 635 645 628 639 665 665 628 627 652 667 648 609 634 657 670 650 650 613 649 605 659 608 646 633 659 660 624 649 639 651 659 658 659 620 611 681
"MINEJ715" 506 502 502 505 512 530 517 528 478 505 490 480 507 526 517 512 518 521 498 510 519 526 526 516 477 527 505 510 503 493 535 486 512 497 490 531 507 518 492 517 501 532 511 494 520 486 514 519 510 507 519 508 502 516 497 495 485 517 495 528 514 500 499 495 523 503 511 526 505 510 530 500 495 495 494 505 516 521 514 508 501 520 501 529 500 503 519 522 495 515 521 539 511 530 515 486 510 525 530 500
"MINEJ915" 473 499 469 501 488 488 500 468 517 492 484 478 498 495 480 485 486 506 477 477 508 481 489 501 493 466 474 492 500 482 501 488 500 489 507 496 515 481 480 508 481 480 479 511 508 499 486 493 484 488 511 507 501 508 512 483 463 519 483 489 514 485 498 493 508 482 508 511 495 504 484 488 495 463 484 497 502 480 488 471 510 494 476 495 500 490 483 492 501 501 494 508 498 480 487 489 472 478 484 477
"MINEK515" 376 385 372 377 375 386 371 387 371 380 387 387 376 396 380 360 387 375 359 377 363 377 369 370 389 381 363 385 406 374 379 376 367 358 373 401 375 374 362 351 402 405 390 378 380 365 355 363 379 382 378 359 360 385 396 384 382 359 398 380 360 364 349 382 378 379 403 366 372 358 383 383 380 359 349 365 374 386 389 376 365 386 355 376 383 369 379 351 389 374 383 345 380 373 388 378 368 371 372 378
"MINEK715" 300 297 326 321 306 332 305 300 321 306 307 306 296 306 305 332 306 292 320 306 306 313 320 315 308 316 312 328 313 314 303 275 303 318 312 319 316 311 343 316 284 293 307 306 316 284 310 310 293 320 326 306 311 317 325 315 310 316 328 326 324 301 313 312 313 308 325 298 309 312 311 287 297 311 318 310 309 315 320 311 326 313 295 331 286 312 305 323 312 300 328 309 301 304 303 289 322 305 312 298
"MINEK915" 435 400 412 405 400 396 400 422 407 427 435 409 431 423 408 402 414 427 411 450 425 440 399 388 400 409 398 419 427 399 423 429 407 428 448 428 431 414 412 414 420 396 456 382 410 400 420 426 430 438 425 417 416 420 396 419 431 403 404 410 408 416 441 410 409 411 396 405 403 433 395 418 433 401 423 417 415 404 410 406 402 418 405 432 407 417 422 412 408 409 397 429 405 418 399 433 413 395 425 433
"MINEP514" 464 462 448 467 458 450 455 467 449 464 463 457 464 452 455 456 452 437 454 463 457 459 465 451 472 458 455 451 457 447 480 449 447 470 439 462 461 452 454 456 469 456 451 442 466 453 465 462 451 454 462 442 461 469 461 459 458 469 466 468 458 464 464 457 446 454 451 468 454 466 465 448 449 444 458 457 460 449 455 455 464 450 445 469 460 467 471 446 449 445 452 468 457 467 473 461 452 445 458 458
"MINEP515" 474 493 488 510 485 483 483 484 479 481 496 492 468 480 479 482 472 496 486 498 506 492 478 482 505 488 490 508 485 501 472 495 483 481 491 476 488 473 480 493 494 484 472 459 469 493 478 497 495 467 483 494 498 482 479 475 489 485 459 469 511 475 485 481 478 486 490 483 473 488 493 476 475 481 479 484 472 481 477 481 462 460 486 478 479 493 482 476 477 484 485 489 454 466 476 473 484 476 483 479
"MINEP714" 448 451 436 453 435 435 440 450 438 443 451 442 450 446 425 457 448 440 441 429 435 456 447 417 433 432 425 457 429 435 455 444 449 441 444 437 456 454 425 440 434 444 431 444 438 429 454 421 442 448 423 433 473 428 455 440 429 457 424 434 446 424 454 445 415 442 440 447 429 451 449 440 435 442 462 447 442 452 416 449 456 433 435 428 452 413 462 450 429 437 459 426 461 417 429 437 435 431 447 438
"MINEP715" 541 525 543 518 522 540 562 494 538 511 536 533 518 491 527 527 540 532 514 551 523 537 533 498 556 532 499 531 546 522 538 513 550 533 541 552 531 537 550 521 519 515 543 536 527 534 527 535 536 561 527 529 552 563 533 545 526 547 530 521 527 555 535 526 529 545 538 520 529 551 518 526 545 533 535 538 540 507 497 534 529 516 556 530 544 527 522 529 543 531 508 538 551 563 540 538 538 522 530 535
"MINEP914" 575 604 597 601 566 561 580 576 611 589 585 584 591 589 588 586 600 552 565 594 581 566 580 588 584 595 585 585 579 576 604 592 596 597 592 577 590 598 585 617 588 567 590 603 594 592 586 630 577 563 549 593 596 593 589 584 593 595 582 593 569 615 601 563 552 567 608 565 624 602 585 579 592 605 584 579 602 587 591 581 572 592 583 566 593 573 586 581 600 581 623 596 603 595 580 547 608 603 582 587
"MINEP915" 507 540 473 500 514 492 491 482 484 498 507 496 482 488 478 518 490 519 497 515 483 500 486 514 488 495 500 522 524 514 487 497 495 507 487 540 517 513 481 510 487 502 510 507 511 501 478 521 511 476 493 512 478 530 496 488 481 491 515 505 488 498 478 492 505 507 515 507 512 475 477 499 503 497 508 500 495 505 508 519 475 484 490 517 489 480 485 510 497 473 504 503 535 507 512 493 487 503 490 499
"MOTEF514" 294 317 295 325 290 307 296 305 285 298 306 283 315 317 280 299 286 292 289 298 287 298 291 293 300 302 293 291 314 309 293 324 294 304 306 292 306 293 288 300 293 323 302 278 295 327 297 313 310 299 304 291 293 307 298 303 303 321 292 302 298 303 304 311 314 286 283 299 299 315 301 311 273 295 332 296 309 279 269 304 301 311 300 301 292 304 305 305 294 293 305 312 300 303 332 296 274 290 292 309
"MOTEF515" 217 213 219 226 217 210 219 221 231 229 223 220 218 217 232 207 222 219 218 219 212 217 217 226 231 211 219 209 217 223 204 215 228 204 219 216 213 217 224 219 226 224 222 215 200 204 212 221 242 208 221 214 218 217 215 226 213 202 215 213 212 209 240 220 217 214 213 223 219 209 212 202 211 205 213 222 220 218 206 219 223 212 223 237 217 222 204 215 209 207 211 226 222 213 221 204 204 219 219 209
"MOTEF714" 261 250 259 256 264 256 260 259 261 252 256 251 246 251 256 266 246 250 248 255 252 263 251 246 258 247 259 255 253 269 266 272 248 251 249 262 260 258 239 269 250 257 249 262 260 257 246 269 261 258 260 252 256 251 254 255 256 251 253 265 251 254 251 267 239 263 245 256 253 258 262 253 251 258 274 256 258 245 256 256 259 263 254 252 256 242 256 260 263 255 254 245 259 264 255 241 260 244 253 248
"MOTEF715" 228 205 217 227 237 215 214 215 216 222 229 223 230 229 218 241 230 212 228 227 230 230 209 223 221 229 237 208 219 232 238 216 232 235 225 218 219 225 239 215 220 210 228 222 218 225 225 223 234 217 216 211 226 227 214 218 224 210 237 217 226 219 230 213 210 216 221 228 224 214 223 210 231 225 234 227 221 229 218 209 214 208 236 232 224 205 215 220 236 207 228 210 234 222 233 213 229 222 228 243
"MOTEF914" 289 291 292 281 290 287 302 298 282 317 275 285 290 291 289 295 296 293 287 290 264 289 277 302 291 293 301 286 277 300 286 281 289 291 302 283 306 294 291 293 274 302 288 291 281 297 282 304 291 272 289 284 304 292 307 296 302 305 296 306 305 305 289 293 290 295 290 302 308 287 295 294 305 293 290 277 294 274 301 290 295 294 291 302 278 287 285 297 278 294 292 297 276 285 291 286 295 286 290 284
"MOTEF915" 286 303 289 296 306 324 303 316 292 293 310 325 308 315 319 319 294 314 310 310 291 287 307 315 302 291 306 308 299 294 307 321 301 305 304 305 312 313 291 322 301 288 301 305 324 289 304 292 312 290 297 286 304 312 290 301 303 306 317 297 288 298 318 294 309 303 303 303 305 287 296 307 307 306 304 299 296 298 318 314 296 307 323 309 318 309 287 310 282 295 324 302 291 304 291 296 314 296 309 293
"MOTEJ515" 388 389 400 408 401 395 401 386 389 403 377 402 405 382 394 360 390 387 392 382 381 381 383 391 397 403 391 378 397 390 394 402 387 376 382 393 390 407 408 392 382 367 403 402 400 394 401 393 379 388 370 372 371 400 362 407 385 396 379 410 409 385 397 397 387 375 364 390 391 388 401 378 389 399 402 388 379 385 380 355 387 411 398 391 399 394 393 387 399 394 397 394 394 399 385 404 377 393 391 387
"MOTEJ715" 285 277 259 271 267 284 284 276 282 264 271 263 259 258 288 277 283 284 269 273 277 260 262 269 271 271 270 264 257 273 256 272 284 264 263 266 267 275 269 290 259 287 264 274 282 274 269 265 283 266 285 271 281 275 259 274 262 269 266 270 276 274 258 271 258 270 260 268 274 273 282 280 288 275 295 293 267 256 279 257 275 272 253 267 259 265 275 265 279 266 270 271 267 269 246 272 270 287 281 277
"MOTEJ915" 338 338 325 347 340 340 316 345 354 324 317 358 332 328 347 338 326 335 318 343 331 341 360 350 332 339 331 349 355 350 334 343 346 336 342 331 338 355 314 344 334 316 327 329 325 332 333 340 333 336 322 310 332 351 349 354 343 336 340 324 326 337 356 335 351 339 343 345 330 327 325 339 333 342 351 340 333 352 356 345 342 339 333 345 342 340 330 333 339 349 321 328 338 352 330 336 350 347 327 306
"MOTEK515" 219 209 229 222 211 236 221 218 212 215 212 226 211 230 228 225 235 216 224 220 219 209 221 215 220 213 233 232 225 213 215 219 225 211 213 225 228 222 220 205 220 211 241 213 207 222 231 222 223 229 213 228 228 220 224 222 216 208 212 218 215 216 212 233 212 211 214 228 236 219 220 211 210 205 224 212 210 229 224 195 230 204 224 208 222 215 227 218 218 213 212 220 216 217 216 227 219 229 230 229
"MOTEK715" 190 186 212 186 191 189 200 188 195 190 189 196 189 185 180 166 196 190 187 192 193 193 194 189 209 192 196 200 205 198 192 194 195 204 195 189 190 204 188 190 191 191 185 191 194 196 184 194 198 192 185 176 192 180 199 193 200 194 192 195 190 194 196 193 185 203 191 187 193 180 196 195 186 190 187 194 203 195 192 195 194 198 193 194 194 198 200 202 186 191 172 194 198 176 187 196 200 207 182 195
"MOTEK915" 310 298 284 290 300 289 308 284 291 298 289 290 287 297 302 294 294 301 274 291 300 290 310 290 299 286 284 297 284 302 300 291 304 305 299 299 293 300 289 306 291 289 279 291 304 306 302 304 301 290 284 289 299 271 292 284 300 297 296 298 297 282 289 296 291 295 296 305 276 286 303 302 296 281 303 291 309 273 277 297 285 302 294 285 284 280 306 292 290 288 288 291 304 292 289 288 293 292 304 286
"MOTEP514" 489 505 516 519 517 516 505 513 525 477 473 512 513 506 504 482 526 498 485 515 480 504 512 510 497 516 514 526 516 510 515 505 533 509 485 502 522 509 517 505 512 528 492 474 510 495 519 510 516 530 512 524 487 519 502 501 497 492 510 503 510 501 506 512 517 541 536 505 539 511 529 526 486 539 533 518 506 523 508 523 506 485 489 491 521 539 482 518 494 518 528 507 519 511 499 504 516 516 494 488
"MOTEP515" 393 363 366 381 375 379 368 364 368 373 383 377 382 369 373 364 355 374 372 365 372 338 353 386 378 401 382 382 357 355 364 370 376 387 387 387 366 371 367 373 390 388 373 390 388 380 382 386 389 364 376 358 365 371 379 357 398 362 384 367 362 386 365 376 381 368 383 376 358 384 358 381 349 382 374 357 375 386 366 367 394 391 352 386 381 373 368 380 370 355 386 381 380 391 368 371 362 360 372 367
"MOTEP714" 339 340 346 352 346 359 371 344 348 343 357 356 358 348 360 346 357 382 342 337 354 367 343 335 333 349 349 355 360 337 352 363 356 346 363 362 341 355 357 364 341 363 355 367 346 359 364 362 348 352 365 359 365 372 355 351 352 334 357 345 352 358 358 355 358 355 367 350 350 370 365 337 343 358 348 358 345 352 355 357 353 348 346 359 346 360 339 349 350 324 339 358 347 364 340 336 347 370 345 357
"MOTEP715" 305 311 302 305 289 291 310 318 320 307 311 304 303 312 317 327 314 314 332 320 297 315 312 306 302 319 307 319 326 292 321 304 311 297 321 321 306 318 310 304 321 325 323 302 304 309 323 311 318 298 321 299 315 311 299 313 298 307 309 308 303 303 331 304 311 318 323 308 310 317 300 308 300 313 310 299 312 309 303 317 312 306 308 320 326 313 314 308 316 311 299 304 299 314 318 312 317 316 322 317
"MOTEP914" 349 368 363 372 350 357 336 373 368 344 347 369 351 362 337 366 360 378 354 362 373 374 368 361 366 346 354 376 363 375 355 354 358 355 360 364 370 353 348 356 357 364 366 360 363 390 369 348 390 351 362 376 360 359 342 342 381 357 374 367 368 363 370 368 385 369 359 340 392 355 371 362 361 368 369 373 366 371 356 347 363 344 374 355 361 399 375 362 349 378 364 369 364 379 364 353 373 367 358 373
"MOTEP915" 383 373 376 371 395 354 377 392 358 369 366 363 368 366 377 373 369 360 378 375 383 369 385 390 382 374 353 388 371 392 355 389 378 377 375 377 371 356 365 354 378 370 361 392 364 366 397 364 358 378 369 366 373 367 375 366 368 371 383 366 368 366 378 353 392 365 368 379 351 373 380 358 365 365 361 361 364 367 382 367 359 375 374 374 364 359 388 373 357 375 362 381 370 379 367 374 361 377 385 384
