"V1" "V2" "V3" "V4" "V5" "V6" "V7" "V8" "V9" "V10" "V11" "V12" "V13" "V14" "V15" "V16" "V17" "V18" "V19" "V20" "V21" "V22" "V23" "V24" "V25" "V26" "V27" "V28" "V29" "V30" "V31" "V32" "V33" "V34" "V35" "V36" "V37" "V38" "V39" "V40" "V41" "V42" "V43" "V44" "V45" "V46" "V47" "V48" "V49" "V50" "V51" "V52" "V53" "V54" "V55" "V56" "V57" "V58" "V59" "V60" "V61" "V62" "V63" "V64" "V65" "V66" "V67" "V68" "V69" "V70" "V71" "V72" "V73" "V74" "V75" "V76" "V77" "V78" "V79" "V80" "V81" "V82" "V83" "V84" "V85" "V86" "V87" "V88" "V89" "V90" "V91" "V92" "V93" "V94" "V95" "V96" "V97" "V98" "V99" "V100"
"MBREF515" 188 171 182 180 174 172 188 176 180 182 180 173 185 172 183 165 192 181 188 193 182 192 180 175 183 185 180 178 182 187 193 173 183 188 183 187 182 178 179 186 189 182 196 178 196 184 198 181 181 184 189 182 184 195 183 184 193 172 192 174 168 180 182 193 187 173 178 179 188 197 196 183 182 167 193 189 196 173 183 173 177 169 207 187 165 191 198 176 190 185 185 174 191 187 204 188 183 171 186 180
"MBREF714" 227 223 217 219 231 218 222 222 232 222 231 227 222 204 232 216 232 217 214 220 236 220 226 219 214 211 238 220 224 239 244 232 220 221 232 229 235 231 226 215 219 223 244 220 233 232 240 225 232 221 232 221 225 230 226 217 218 230 229 235 226 226 217 213 222 225 235 222 222 218 224 227 245 223 211 237 216 220 222 233 230 235 229 233 215 210 215 228 227 233 229 216 217 228 218 218 237 203 224 229
"MBREF715" 199 200 210 207 201 192 202 199 209 202 206 222 206 209 202 204 203 211 217 219 201 217 204 223 204 204 203 202 213 195 204 200 207 201 190 204 201 208 202 205 205 205 204 222 196 189 204 198 204 203 199 214 202 211 203 220 195 195 204 205 205 216 197 215 203 213 219 198 187 220 206 206 219 204 204 205 200 212 219 186 195 194 202 212 208 217 205 207 202 208 197 216 214 199 208 211 200 189 207 205
"MBREF914" 257 279 265 269 256 262 259 286 264 261 265 278 266 263 258 271 269 266 258 275 272 268 265 256 264 263 276 267 245 267 255 259 270 267 266 258 259 258 269 274 269 259 270 278 270 260 252 261 260 270 268 257 255 275 277 252 273 276 266 273 269 267 261 261 280 253 254 278 252 257 263 271 295 271 250 272 256 254 255 257 253 255 270 269 259 257 281 253 268 258 260 271 277 254 265 265 270 259 275 271
"MBREF915" 281 280 279 304 294 283 273 283 269 272 286 277 290 280 279 292 271 281 263 290 293 292 277 305 272 285 281 276 277 269 279 293 277 284 287 288 270 289 272 272 297 285 284 279 300 293 287 274 281 288 267 298 276 269 312 297 271 290 252 274 271 272 275 291 273 265 284 282 268 292 284 286 272 284 288 266 281 291 287 277 284 284 287 297 275 290 280 286 282 278 291 279 283 288 282 271 256 277 280 274
"MBREJ515" 664 633 622 632 643 632 642 635 640 619 640 611 611 630 645 648 612 629 627 635 624 633 635 622 643 621 654 632 633 617 634 628 642 628 630 632 629 642 622 633 616 631 656 631 648 643 634 648 630 618 612 654 647 648 645 629 638 603 627 620 647 628 639 616 613 641 638 624 671 623 648 647 635 629 639 642 624 616 624 634 613 652 617 620 619 637 654 636 651 640 648 655 617 629 632 655 634 637 624 648
"MBREJ715" 392 380 393 417 394 381 389 400 385 396 398 393 409 401 382 378 373 374 371 386 373 411 395 389 390 386 417 405 384 388 397 381 381 386 415 393 394 374 395 395 392 395 396 418 378 395 368 386 373 403 400 412 385 380 399 407 387 374 389 401 406 389 397 388 385 386 390 378 405 410 393 382 404 391 399 407 400 391 405 395 378 382 397 361 392 411 382 391 387 393 396 388 376 412 397 387 396 398 414 393
"MBREJ915" 307 294 303 307 297 312 312 288 306 304 292 297 295 291 299 313 291 299 306 292 285 294 300 301 285 290 297 300 284 317 284 285 278 274 292 296 301 286 288 301 320 289 297 290 267 290 303 303 291 307 298 275 286 296 290 298 306 289 299 300 284 296 295 309 310 304 300 323 300 290 295 290 306 314 306 300 306 300 312 306 307 312 292 300 315 293 311 309 298 285 308 291 296 304 301 313 294 306 292 289
"MBREK515" 187 195 190 187 196 202 192 183 194 183 184 187 182 177 195 193 181 198 186 189 186 204 172 200 193 189 190 186 204 190 183 199 177 196 194 194 183 192 185 202 193 190 195 189 191 184 185 190 183 184 187 191 195 178 179 193 191 190 179 188 195 191 187 195 183 187 189 201 185 191 197 194 196 201 183 183 184 185 207 195 203 194 187 191 195 205 190 191 183 195 198 193 196 196 185 189 186 189 186 182
"MBREK715" 184 167 189 185 179 180 188 194 181 179 186 206 186 186 188 182 186 181 189 183 181 179 183 188 192 185 188 178 190 178 190 181 182 190 191 203 183 171 187 176 174 188 182 194 178 189 193 186 186 174 186 189 187 171 168 189 183 192 185 177 188 191 180 197 177 175 193 174 175 177 172 182 186 180 178 187 191 174 184 181 182 182 187 190 169 180 184 199 161 184 185 182 195 182 183 183 171 194 172 173
"MBREK915" 263 253 254 249 245 261 239 244 243 245 247 241 237 251 252 245 251 238 265 249 256 250 264 261 248 259 251 239 261 256 252 261 253 240 259 237 267 244 261 259 251 246 250 241 256 247 237 260 253 239 244 263 245 252 236 255 254 261 255 248 241 248 246 259 250 248 265 245 256 261 253 262 249 247 252 254 260 230 243 259 240 249 260 238 256 253 244 259 259 263 255 241 250 256 260 249 249 245 258 256
"MBREP515" 506 515 506 497 513 512 497 521 513 512 497 515 526 510 507 516 483 520 492 537 523 513 522 506 527 518 520 516 512 507 494 510 502 510 522 511 503 506 504 491 515 500 524 517 510 509 497 504 500 521 511 515 521 519 513 501 517 510 517 502 500 514 528 518 520 547 506 504 499 499 530 500 503 518 524 509 511 498 490 508 485 508 513 518 535 522 511 512 506 502 500 490 502 530 518 508 520 527 535 520
"MBREP714" 382 380 380 379 388 367 414 357 388 361 374 375 392 391 377 378 373 382 367 406 367 363 354 384 405 390 391 409 373 399 407 381 374 377 366 376 364 396 389 372 374 377 373 376 367 362 393 384 369 362 374 384 369 366 379 371 378 390 375 379 373 383 387 374 393 376 375 384 394 384 375 388 375 376 373 392 387 371 384 389 364 386 378 389 382 364 380 394 356 380 354 358 403 381 406 376 382 385 376 361
"MBREP715" 411 402 430 412 430 408 422 428 417 424 395 416 411 419 409 426 423 414 434 406 431 411 409 419 435 418 427 423 438 419 391 407 409 441 427 421 411 419 410 415 427 446 432 425 417 434 433 427 425 426 425 412 421 443 397 418 424 425 402 427 401 431 414 433 441 398 410 435 421 410 428 417 404 426 391 412 431 399 428 419 405 410 433 405 408 434 415 418 419 431 402 414 411 422 400 414 421 417 434 448
"MBREP914" 380 351 360 386 370 367 366 384 374 353 369 384 371 383 394 377 382 373 387 363 380 381 377 364 383 375 364 376 372 368 375 389 377 363 378 374 395 367 377 379 380 372 370 372 376 377 364 364 364 380 367 378 365 382 382 377 390 379 372 355 371 395 388 379 358 365 362 375 372 394 382 371 379 376 364 368 378 374 382 357 369 385 374 368 381 371 370 379 370 376 366 360 394 394 376 369 381 365 365 365
"MBREP915" 428 403 440 425 414 425 423 400 403 413 402 389 398 388 381 400 418 410 411 424 412 403 419 438 407 408 403 408 399 412 433 411 413 402 405 422 407 413 418 391 416 417 400 422 408 405 423 429 395 412 417 402 415 396 414 403 401 391 421 416 395 405 416 408 413 419 405 398 407 372 399 421 402 411 403 413 411 411 408 414 398 411 409 430 417 403 400 415 413 411 394 408 390 423 409 397 403 416 412 418
"MDPEF514" 270 264 265 264 264 273 265 260 276 255 264 254 260 248 276 261 247 263 257 265 267 257 272 262 255 264 264 247 242 246 279 247 252 260 269 266 272 256 262 263 266 266 246 267 264 272 247 255 254 271 233 254 239 270 249 257 244 258 259 244 271 261 277 267 258 246 264 264 263 259 268 260 251 244 249 263 263 261 250 261 253 250 257 275 258 268 256 245 269 262 255 254 254 261 257 264 251 247 260 257
"MDPEF515" 184 178 177 180 192 189 180 193 192 184 181 178 185 179 177 186 185 181 183 191 196 181 191 173 186 197 190 191 177 196 183 180 187 184 165 180 183 189 177 181 178 183 192 180 183 184 180 183 197 176 173 177 188 178 178 178 171 187 169 181 182 177 181 182 195 168 175 190 189 185 174 202 178 177 184 179 169 196 188 190 185 188 194 194 185 190 175 198 186 188 188 174 184 193 188 183 184 206 180 185
"MDPEF714" 276 277 279 275 270 271 272 268 286 261 268 267 273 267 275 277 269 270 283 288 266 275 284 278 289 262 272 256 254 286 284 272 268 268 281 280 273 269 272 261 281 269 268 287 266 278 258 285 266 272 266 274 271 266 295 276 272 252 260 263 265 273 256 258 275 265 289 277 279 281 273 281 273 282 271 287 264 276 262 268 277 270 271 275 272 284 289 261 263 274 284 271 283 280 274 267 284 282 272 267
"MDPEF715" 216 209 234 226 215 235 237 230 226 213 227 232 226 223 204 235 229 223 232 217 214 222 234 216 228 235 234 222 234 224 215 222 217 215 224 225 218 231 208 206 224 212 222 219 232 218 216 211 220 209 212 219 225 235 206 224 228 238 221 229 224 236 220 219 226 228 230 224 224 217 242 223 241 232 223 228 211 243 232 225 233 227 232 228 227 220 240 232 213 242 236 229 222 216 223 234 226 240 216 225
"MDPEF914" 259 243 261 264 261 262 268 270 253 247 268 264 257 258 259 258 271 264 254 255 267 254 264 258 256 275 258 258 261 253 259 257 279 259 252 258 278 248 257 251 252 255 261 266 251 250 243 257 235 260 266 255 253 259 252 260 271 259 265 261 264 238 247 241 267 264 259 265 269 261 268 253 264 258 261 251 266 250 254 260 251 245 247 264 266 270 256 257 268 265 254 275 259 248 256 269 238 240 236 264
"MDPEF915" 291 282 286 292 274 280 270 275 284 288 290 277 283 294 283 284 290 298 295 291 277 303 281 284 277 263 274 275 273 272 285 284 293 272 281 289 284 282 288 273 283 288 281 286 276 293 275 276 261 279 295 288 280 257 291 281 289 276 270 285 265 279 279 283 280 270 282 287 284 285 287 284 269 270 268 294 283 280 291 284 269 285 279 278 276 282 284 276 285 274 286 276 282 268 274 268 295 279 304 271
"MDPEJ515" 363 365 369 372 373 366 344 355 390 363 357 382 366 364 363 376 378 353 379 373 379 354 367 373 371 362 369 380 356 371 366 366 370 385 357 382 357 362 365 356 358 343 369 369 377 377 373 347 371 368 384 362 366 356 375 367 374 350 356 374 373 373 375 367 383 367 357 352 387 369 369 382 362 373 362 360 380 378 354 360 361 360 370 359 349 376 379 374 383 370 352 377 372 361 371 368 361 363 351 366
"MDPEJ715" 319 309 300 351 311 309 318 322 329 310 315 311 305 302 301 311 323 333 310 327 305 322 316 311 317 313 325 299 316 321 306 302 309 312 330 314 310 315 311 325 327 335 306 315 321 322 305 324 312 323 320 321 302 323 312 302 300 322 337 324 318 321 316 304 310 304 293 314 313 333 316 303 304 320 327 331 317 312 308 324 328 307 323 301 323 319 321 316 332 330 314 320 322 327 318 299 329 308 314 308
"MDPEJ915" 325 321 320 321 320 344 320 313 329 313 323 320 305 292 318 326 320 321 319 322 325 328 315 331 327 317 338 320 313 335 327 330 333 307 307 306 315 316 323 333 324 322 342 334 327 321 321 328 318 329 313 337 313 324 337 317 318 350 323 326 311 316 324 322 326 323 311 318 344 322 323 312 319 318 325 326 316 319 330 340 320 317 321 312 319 326 330 319 329 325 322 331 315 346 338 345 316 328 318 348
"MDPEK515" 206 198 221 197 196 202 193 202 190 199 195 189 190 210 193 212 202 198 202 207 203 195 203 191 206 190 210 205 197 204 196 205 207 201 212 202 200 196 182 208 204 205 189 187 177 207 193 189 197 192 196 203 198 201 198 199 185 201 213 189 198 197 193 187 206 203 192 198 185 189 205 191 195 201 186 209 190 201 186 201 181 192 185 195 201 218 193 197 205 197 203 205 210 213 196 204 195 207 187 208
"MDPEK715" 227 212 224 216 216 215 216 211 217 210 231 213 214 210 215 219 215 227 217 211 214 221 211 212 219 220 214 221 207 227 223 206 212 217 214 217 221 205 207 220 219 204 215 215 221 206 231 216 207 205 234 220 210 217 218 218 214 206 216 216 215 205 218 215 225 211 212 210 225 212 209 208 205 213 212 207 208 209 229 208 216 219 222 211 218 218 219 211 213 217 219 211 221 224 218 211 222 216 228 219
"MDPEK915" 263 259 295 279 272 282 282 266 281 282 282 283 270 292 276 283 280 281 280 272 279 291 262 286 270 274 296 254 273 291 277 270 262 277 258 280 276 278 286 263 264 266 270 263 263 292 270 268 272 268 270 268 274 273 266 286 298 255 259 267 262 271 267 266 273 283 280 292 275 266 265 264 263 262 279 267 268 274 271 273 251 275 276 279 276 271 267 291 270 284 282 273 271 272 263 283 282 280 281 264
"MDPEP514" 455 480 485 467 502 462 466 481 457 492 472 456 456 487 472 482 447 475 461 466 476 501 483 459 484 482 453 452 444 484 468 474 463 453 453 476 471 469 472 465 471 470 443 447 480 468 453 443 447 470 471 477 474 476 473 479 494 484 492 479 463 458 463 461 468 447 475 442 484 488 471 479 485 464 474 484 476 475 478 474 462 482 478 454 473 480 460 475 458 475 457 507 497 489 465 504 441 487 477 486
"MDPEP515" 418 405 399 403 419 413 395 396 373 383 373 411 400 400 404 433 426 402 411 413 401 408 407 424 395 399 396 406 416 391 392 384 415 385 412 407 403 413 413 401 418 383 411 412 384 428 394 416 421 393 396 397 405 389 390 413 414 383 381 371 395 379 396 402 418 382 405 404 403 424 403 414 404 389 412 387 410 412 402 397 409 419 393 405 408 390 392 410 407 415 404 418 405 388 411 388 382 398 376 398
"MDPEP714" 372 341 360 347 357 363 367 366 352 363 362 351 377 367 355 377 367 349 346 361 358 354 358 348 378 357 379 364 348 359 355 343 356 360 350 373 338 369 361 354 347 346 343 344 361 349 357 357 358 352 363 352 376 377 357 334 372 356 349 362 356 362 360 364 361 348 362 373 352 363 349 359 361 347 363 365 351 330 348 361 351 363 350 382 367 351 377 361 355 357 351 362 380 360 366 351 362 357 370 337
"MDPEP715" 382 370 379 374 385 363 370 384 370 363 363 372 371 375 366 351 370 377 386 387 356 374 376 371 364 382 386 359 369 358 371 357 381 376 381 373 400 345 396 381 376 354 369 364 384 353 369 372 377 385 371 364 366 366 371 357 392 357 386 371 371 380 355 381 375 376 355 365 366 371 362 382 364 378 375 357 367 379 367 376 372 381 378 377 364 372 377 388 368 359 377 371 378 364 365 369 361 365 363 373
"MDPEP914" 346 358 340 367 369 344 367 353 345 360 365 365 357 352 364 363 363 359 372 368 355 343 354 366 358 343 354 360 359 381 338 358 356 357 344 352 377 358 354 375 354 361 358 357 351 364 355 360 357 355 344 344 338 361 369 370 361 378 341 348 353 348 350 343 347 348 356 359 357 362 353 372 346 358 350 366 355 359 346 359 351 375 349 342 351 346 360 347 333 353 370 363 354 356 353 362 354 363 355 345
"MDPEP915" 381 369 344 359 353 371 362 386 339 354 374 357 384 364 366 363 372 368 362 389 365 395 354 364 358 380 363 376 368 364 371 366 363 351 383 371 372 360 369 379 366 367 366 380 373 367 354 352 376 386 371 370 371 378 359 374 386 354 383 364 373 362 358 372 370 376 363 368 360 364 382 388 378 368 361 352 368 385 358 375 349 372 364 374 390 365 361 360 378 388 380 359 345 369 368 362 385 364 366 387
"MINEF514" 428 425 401 410 411 420 415 396 426 432 427 442 431 409 408 395 436 433 410 412 418 397 421 418 421 409 410 424 415 439 407 443 407 446 426 423 423 400 422 423 447 416 416 423 413 416 425 407 412 435 414 424 429 415 421 439 411 420 430 439 426 398 428 414 429 420 431 435 425 407 398 428 434 414 419 427 417 413 415 401 438 432 409 440 419 430 424 416 412 424 419 386 408 426 406 406 417 418 396 435
"MINEF515" 314 327 309 318 326 332 337 344 309 317 328 344 344 329 325 335 303 323 305 321 316 343 323 321 333 322 302 313 347 330 329 318 324 326 334 313 306 331 310 302 309 317 309 313 322 320 320 313 325 311 331 306 334 315 334 327 321 325 332 323 330 321 318 350 336 310 335 319 328 322 313 334 338 303 338 325 325 306 334 343 305 334 302 314 327 334 303 320 328 309 334 333 327 319 332 315 338 322 337 346
"MINEF714" 280 283 279 282 269 289 278 289 285 280 279 280 282 265 282 276 290 291 281 283 282 277 266 302 274 275 277 293 285 277 272 277 282 272 275 278 289 272 283 284 278 282 285 290 281 265 279 279 279 269 281 265 273 261 299 285 279 286 266 285 266 261 286 262 273 277 288 278 273 260 281 288 285 262 281 267 297 273 294 300 279 283 287 269 279 302 284 282 270 272 297 284 274 296 269 276 270 249 274 290
"MINEF715" 325 332 329 308 322 310 321 333 329 313 304 308 317 335 313 321 297 327 317 296 307 331 339 305 307 316 314 317 321 318 307 313 319 317 300 310 341 323 327 318 317 314 322 321 310 326 332 314 312 334 291 310 328 292 314 302 317 329 315 314 311 330 330 319 323 312 325 331 313 330 336 309 333 295 323 304 321 306 320 298 316 322 321 328 310 329 298 317 314 294 319 299 305 305 329 319 315 300 317 326
"MINEF914" 320 309 338 305 331 335 346 342 329 338 324 313 306 335 318 337 339 343 320 310 326 314 319 323 338 308 339 327 313 311 315 313 341 346 327 327 330 332 319 335 326 340 338 326 339 299 311 333 319 305 322 324 329 320 353 331 322 328 332 338 326 332 326 329 325 320 322 330 325 327 334 334 338 333 316 333 316 323 329 331 315 358 334 339 314 317 330 328 310 327 332 310 323 337 329 352 334 313 329 337
"MINEF915" 334 330 323 294 308 306 293 328 313 319 304 317 307 310 308 310 304 321 317 321 300 284 330 316 323 303 305 327 309 311 321 304 329 311 312 309 327 313 301 315 320 302 313 322 296 327 315 323 295 336 315 314 310 299 316 311 309 325 298 318 285 301 320 312 319 307 316 319 308 320 327 299 295 306 322 312 336 292 300 336 322 323 318 330 306 343 292 318 317 322 332 311 319 306 316 320 324 307 305 299
"MINEJ515" 607 554 579 560 548 550 590 567 542 541 578 541 539 566 536 579 555 524 523 582 566 566 554 562 566 555 575 556 564 542 581 548 559 547 569 555 547 577 550 542 570 545 556 573 547 553 561 546 528 588 543 578 543 566 535 555 537 573 576 554 566 562 556 529 567 538 529 555 533 571 569 565 544 564 524 571 568 568 569 563 543 559 552 539 559 569 548 569 553 575 568 549 547 521 537 562 567 537 552 554
"MINEJ715" 434 442 436 448 444 452 434 455 436 466 440 437 448 437 460 459 449 424 454 448 447 439 467 441 431 438 440 441 461 439 455 440 431 441 419 443 447 416 420 441 433 449 467 417 435 433 439 439 463 453 397 431 438 451 456 445 469 431 439 451 439 447 448 463 453 434 419 428 434 437 448 434 450 434 442 430 445 458 457 443 432 444 442 436 452 444 443 444 470 421 436 457 430 446 440 436 442 434 427 420
"MINEJ915" 427 422 444 447 421 460 424 443 421 441 425 447 431 436 422 443 432 419 427 452 433 422 436 412 446 435 413 439 442 433 436 436 414 444 436 434 425 421 427 431 430 454 412 449 414 431 440 418 453 431 461 422 445 442 440 420 447 435 423 453 424 438 457 438 431 451 415 425 436 434 422 439 423 443 435 440 428 428 427 434 420 454 438 430 443 432 438 455 433 436 438 423 423 436 437 430 435 413 438 447
"MINEK515" 329 297 303 341 318 300 291 311 316 314 304 315 322 306 317 305 302 323 316 300 312 304 304 328 296 300 310 293 333 324 321 315 321 308 319 311 329 322 314 325 300 280 320 321 318 325 317 324 313 312 315 315 308 304 320 306 316 311 307 309 308 325 329 331 298 309 302 324 325 293 318 295 334 305 302 311 314 313 312 315 321 331 311 305 322 318 318 322 320 317 310 310 302 299 302 335 319 314 313 335
"MINEK715" 262 273 264 276 262 245 239 249 268 266 261 264 245 265 253 258 247 253 265 253 265 251 261 257 264 266 248 237 244 248 261 254 247 270 259 266 259 263 259 254 249 255 249 268 255 258 263 270 247 262 245 256 251 261 252 251 258 255 234 281 260 262 258 270 267 262 246 250 268 261 266 252 261 252 263 257 259 265 252 272 271 261 255 263 264 245 269 268 250 260 260 264 251 249 273 254 255 249 264 266
"MINEK915" 360 362 362 354 348 337 332 359 350 367 358 338 352 372 351 362 359 349 357 367 353 377 353 340 336 367 355 365 369 373 352 356 381 354 378 356 362 371 350 364 358 347 345 358 374 344 365 343 353 373 355 367 367 349 361 346 369 345 338 349 358 362 335 363 383 359 356 357 352 373 343 360 363 358 356 372 364 364 354 360 356 341 340 348 341 365 376 367 339 372 350 375 361 370 373 328 352 340 352 365
"MINEP514" 377 387 378 371 392 388 387 373 378 358 377 378 387 368 383 380 368 384 383 371 370 390 383 381 363 388 384 388 378 377 381 398 385 402 385 379 380 379 380 387 377 366 384 376 382 372 378 381 375 391 395 380 386 377 384 367 377 392 383 362 383 375 386 373 370 375 394 372 372 376 369 375 379 382 393 376 373 373 369 391 375 380 369 383 373 379 384 369 380 378 385 378 380 371 373 371 378 370 372 383
"MINEP515" 424 435 415 432 422 435 432 439 400 413 402 440 427 426 411 437 423 412 433 420 439 422 400 428 428 427 405 430 420 428 435 430 442 435 432 453 415 398 446 426 443 419 432 430 460 435 441 415 425 416 420 444 431 428 422 424 420 420 431 427 427 441 433 416 422 434 444 441 417 441 433 429 427 430 429 429 439 421 426 433 439 421 422 430 422 409 450 432 437 438 437 432 421 423 433 440 419 431 431 424
"MINEP714" 405 405 418 387 414 409 429 419 404 384 401 416 399 415 417 407 410 432 394 433 389 394 412 394 419 410 405 398 400 408 401 429 404 408 392 412 399 395 404 422 415 396 394 404 407 415 399 419 438 401 391 392 399 418 375 407 399 391 421 421 391 403 402 425 413 400 403 416 408 403 398 423 395 403 425 405 410 401 412 387 407 400 406 406 423 397 398 392 396 397 409 391 408 392 446 394 407 416 404 399
"MINEP715" 456 457 449 458 465 450 482 457 477 457 459 461 457 465 455 478 460 467 463 441 467 450 449 442 469 448 472 448 467 475 468 475 477 455 453 440 462 464 459 451 475 453 470 466 476 461 455 477 446 454 444 456 459 499 448 436 479 478 462 470 460 452 473 444 469 466 463 466 472 470 452 474 443 443 434 446 469 467 488 482 471 488 481 464 452 446 466 431 482 457 458 465 454 466 473 466 459 455 453 460
"MINEP914" 494 508 499 513 530 507 510 522 515 528 517 538 507 512 518 531 537 519 534 516 505 516 535 532 527 525 508 534 508 520 520 529 509 509 521 491 504 508 511 526 505 535 527 514 509 518 524 509 510 534 529 502 501 539 496 527 517 522 531 487 502 510 486 515 505 514 553 505 517 497 489 511 528 504 517 512 501 537 511 536 531 535 500 515 517 525 508 526 494 528 519 520 501 514 523 499 544 483 530 517
"MINEP915" 426 431 441 423 444 449 425 443 437 453 447 415 425 418 435 458 440 437 452 448 410 440 460 417 414 441 428 434 433 449 431 451 446 438 448 436 452 444 419 436 442 437 414 453 460 435 429 437 438 420 452 453 432 454 437 446 437 422 423 421 438 436 452 408 423 463 462 434 455 450 439 439 448 450 465 468 427 461 468 452 422 450 417 445 472 442 448 440 440 440 442 427 467 439 438 455 435 454 458 441
"MOTEF514" 247 251 255 257 261 279 256 268 258 255 272 245 245 258 265 274 262 264 274 260 268 270 251 257 263 275 264 277 246 272 267 261 247 281 245 270 250 256 262 268 258 278 253 276 255 257 266 264 257 252 257 256 273 276 261 273 278 267 271 256 257 273 261 269 273 246 255 268 263 267 254 280 282 264 255 245 275 264 267 260 249 264 278 274 276 257 266 261 270 239 270 271 258 267 253 260 285 257 253 256
"MOTEF515" 203 195 204 217 203 190 214 193 184 182 200 202 197 199 207 203 188 198 202 205 201 196 186 187 208 186 194 214 211 189 196 197 189 206 197 205 189 206 194 202 182 198 191 206 195 184 200 194 212 197 202 187 198 192 193 192 186 208 204 208 198 208 199 201 190 195 202 182 181 190 190 210 215 190 198 206 196 202 194 196 199 196 191 204 194 195 180 189 193 200 210 202 187 212 201 194 202 189 197 196
"MOTEF714" 244 252 247 247 228 244 253 256 239 263 248 244 247 250 248 240 251 251 249 251 249 239 243 256 236 249 255 247 239 259 244 247 240 253 248 243 246 258 253 257 240 241 246 253 260 246 242 251 246 235 254 235 258 243 249 244 256 247 257 245 245 245 225 247 252 252 250 244 248 247 251 232 244 254 238 257 246 245 251 244 245 248 238 234 222 269 264 241 233 255 241 254 251 245 247 242 256 233 262 244
"MOTEF715" 215 215 196 200 213 207 215 212 210 202 211 194 222 195 211 225 219 210 202 231 197 205 206 207 212 221 221 213 203 214 207 209 215 199 223 214 193 209 198 194 217 204 212 227 203 207 209 205 207 204 188 215 209 209 213 202 204 194 205 218 201 198 209 212 213 228 215 202 213 211 219 210 200 212 212 202 208 209 209 203 207 220 215 217 206 210 222 211 206 209 205 214 211 225 197 204 211 216 212 198
"MOTEF914" 256 279 278 274 273 275 287 269 271 265 277 281 278 282 295 273 272 292 279 264 271 278 278 275 272 265 279 290 282 287 286 277 275 287 282 268 286 265 294 270 271 281 285 278 285 271 276 270 288 284 273 294 295 284 301 277 276 295 283 274 294 281 282 270 269 269 269 272 275 279 267 272 273 275 276 285 273 280 276 275 288 296 280 278 283 285 279 282 275 285 272 280 267 300 281 289 284 281 276 291
"MOTEF915" 293 281 302 278 295 271 280 276 268 289 290 280 281 286 287 287 291 289 297 283 287 281 288 281 287 281 291 274 305 289 295 282 267 285 303 289 296 286 317 287 290 279 286 301 288 288 284 290 287 291 281 283 310 292 268 273 276 278 294 281 288 286 295 286 294 299 288 290 271 288 279 288 295 296 257 287 284 283 293 276 285 287 300 313 286 299 283 288 302 291 291 283 293 283 273 292 291 289 297 307
"MOTEJ515" 349 355 354 371 355 335 356 347 352 356 349 365 348 346 364 337 362 362 343 339 371 349 346 362 365 348 356 376 367 357 349 348 366 355 359 365 356 362 362 355 369 356 369 348 350 353 355 374 363 349 345 371 364 343 354 356 374 370 364 356 382 343 343 362 353 368 350 350 364 360 334 363 374 351 364 362 348 358 350 371 356 354 360 354 357 344 360 362 364 360 369 362 362 342 353 355 360 348 359 368
"MOTEJ715" 248 260 251 267 256 257 256 262 255 248 255 256 261 266 258 254 246 261 268 250 245 240 269 249 269 270 268 261 255 253 247 265 264 255 251 243 261 250 262 252 249 246 260 265 248 249 261 259 253 238 268 252 249 247 259 254 261 252 235 242 235 230 257 259 266 249 252 264 246 252 251 251 252 259 253 255 234 256 253 270 253 240 261 256 239 260 250 249 236 258 249 242 245 256 255 257 266 256 239 248
"MOTEJ915" 301 319 315 289 318 313 319 325 305 311 319 325 292 302 318 317 309 319 318 296 313 300 313 338 307 331 322 308 301 325 303 314 321 304 328 304 305 307 289 323 319 322 301 310 301 314 331 319 315 300 304 315 308 315 308 323 300 317 309 317 326 329 304 309 319 309 307 318 300 309 322 291 297 309 310 326 319 305 314 320 313 326 305 320 305 326 307 299 312 309 312 309 321 297 302 326 325 306 314 305
"MOTEK515" 189 181 196 223 209 210 214 205 208 194 210 192 197 205 223 203 196 199 196 191 211 195 198 212 209 206 195 204 219 192 203 202 184 195 202 199 212 196 201 201 212 194 203 206 202 191 206 209 208 202 208 198 202 202 203 201 203 197 207 204 203 201 208 204 197 201 213 204 199 202 189 215 215 202 199 199 211 188 205 197 200 209 193 195 188 213 215 205 205 215 203 211 212 198 207 203 200 206 197 207
"MOTEK715" 184 171 179 186 172 177 187 176 198 183 187 181 173 186 180 183 190 185 180 179 191 181 188 186 182 176 181 191 177 165 170 184 181 177 179 189 181 182 190 168 178 188 199 181 175 197 171 199 185 179 184 191 175 177 188 184 196 185 175 192 181 181 186 168 178 185 197 177 193 182 180 186 184 171 175 179 179 181 178 171 175 189 172 183 179 189 185 178 176 187 176 177 186 187 177 191 184 191 176 180
"MOTEK915" 277 273 297 267 277 281 282 283 278 282 272 265 262 284 270 278 285 280 280 283 276 282 275 268 280 277 276 284 288 272 264 284 274 287 282 282 278 287 285 265 269 293 291 284 279 291 251 271 272 273 283 277 278 264 278 287 280 284 276 275 276 278 281 276 283 275 280 278 267 283 276 279 274 273 269 263 288 270 281 274 284 268 258 283 266 286 284 278 282 291 286 280 278 265 271 285 278 275 275 279
"MOTEP514" 417 430 453 423 440 429 432 430 418 427 438 452 447 427 448 426 420 425 451 434 412 441 417 421 437 405 420 437 438 423 436 426 417 453 431 419 431 425 435 423 433 415 431 418 416 431 450 443 423 428 430 422 429 418 425 439 413 436 417 440 402 447 439 412 447 431 441 437 426 404 423 416 414 427 432 439 435 425 435 437 422 439 435 462 451 429 441 432 419 413 415 439 408 415 447 419 432 420 438 439
"MOTEP515" 376 339 342 357 333 331 335 347 340 354 327 351 340 341 328 354 346 354 349 346 336 335 348 357 374 330 338 338 349 350 342 340 359 347 346 348 363 336 362 339 349 343 339 339 353 362 334 342 360 345 342 346 360 351 333 356 344 353 346 356 348 337 351 357 355 362 362 352 350 352 353 336 349 360 355 349 336 344 347 356 340 335 343 342 328 366 347 334 335 317 330 333 359 354 339 343 348 344 339 310
"MOTEP714" 327 331 338 338 347 356 350 338 341 349 320 326 338 344 340 337 343 330 352 328 355 339 346 331 356 343 338 346 328 321 328 337 333 346 315 319 333 342 352 332 350 333 335 334 337 339 336 343 334 336 347 345 352 329 343 328 339 347 338 339 349 334 350 333 343 343 326 343 331 345 350 332 338 336 336 346 324 344 347 358 354 340 337 333 351 329 344 329 341 351 335 357 328 340 342 328 336 349 343 342
"MOTEP715" 292 318 279 300 289 301 303 293 302 295 303 304 291 290 299 285 289 285 300 305 313 301 290 288 300 286 306 285 307 285 300 286 291 302 289 288 295 295 306 289 287 294 294 305 290 294 289 296 293 294 277 296 296 296 313 292 300 300 291 318 301 282 297 308 291 296 307 295 310 288 296 304 296 292 290 289 292 291 309 283 272 294 295 291 304 299 282 315 293 298 296 294 285 292 303 288 292 298 287 292
"MOTEP914" 335 339 347 342 335 334 336 344 343 330 361 335 355 349 353 338 341 338 334 349 348 356 352 338 351 330 332 344 351 347 370 347 322 330 354 350 352 343 327 364 346 360 345 349 347 352 344 340 348 354 327 347 344 332 339 342 346 342 340 338 348 359 349 342 339 342 336 344 330 349 342 351 354 323 343 344 332 350 350 340 343 356 343 353 327 348 356 355 337 340 345 325 331 353 342 355 335 341 353 329
"MOTEP915" 345 336 353 351 354 347 343 355 357 341 345 348 332 335 364 347 354 337 359 330 363 347 350 337 361 336 347 368 346 346 364 354 350 342 340 352 338 338 336 333 363 352 327 333 337 350 360 345 349 352 332 351 342 356 357 358 360 361 335 342 331 348 339 342 355 340 359 363 356 349 346 364 350 339 341 350 352 339 351 351 355 342 355 346 346 333 335 370 350 349 367 342 334 359 349 347 333 355 356 344
