"V1" "V2" "V3" "V4" "V5" "V6" "V7" "V8" "V9" "V10" "V11" "V12" "V13" "V14" "V15" "V16" "V17" "V18" "V19" "V20" "V21" "V22" "V23" "V24" "V25" "V26" "V27" "V28" "V29" "V30" "V31" "V32" "V33" "V34" "V35" "V36" "V37" "V38" "V39" "V40" "V41" "V42" "V43" "V44" "V45" "V46" "V47" "V48" "V49" "V50" "V51" "V52" "V53" "V54" "V55" "V56" "V57" "V58" "V59" "V60" "V61" "V62" "V63" "V64" "V65" "V66" "V67" "V68" "V69" "V70" "V71" "V72" "V73" "V74" "V75" "V76" "V77" "V78" "V79" "V80" "V81" "V82" "V83" "V84" "V85" "V86" "V87" "V88" "V89" "V90" "V91" "V92" "V93" "V94" "V95" "V96" "V97" "V98" "V99" "V100"
"MBRBS515" 1104 1053 1046 1029 1059 1039 1085 1090 1048 1055 1040 1052 1032 1066 1055 1029 1036 1047 1047 1062 1048 1060 1060 1043 1035 1053 1054 1070 1051 1024 1055 1053 1053 1068 1054 1063 1033 1074 1076 1039 1042 1088 1060 1030 1032 1080 1051 1055 1066 1021 1074 1056 1052 1018 1065 1058 1058 1052 1033 1052 1082 1058 1056 1043 1056 1038 1064 1064 1044 1070 1031 1057 1035 1024 1056 1050 1063 1030 1063 1056 1021 1050 1046 1025 1057 1089 1021 1076 1043 1061 1065 1065 1038 1053 1030 1081 1078 1068 1039 1034
"MBRBS714" 1102 1059 1042 1069 1060 1079 1072 1060 1073 1072 1069 1056 1084 1059 1063 1100 1084 1077 1096 1056 1077 1073 1116 1081 1068 1064 1083 1067 1035 1087 1064 1082 1083 1067 1048 1056 1099 1083 1097 1077 1065 1071 1073 1035 1070 1083 1067 1093 1100 1099 1065 1060 1092 1100 1108 1097 1044 1085 1086 1066 1058 1081 1119 1055 1109 1056 1085 1070 1089 1056 1056 1068 1108 1075 1107 1091 1100 1104 1083 1091 1086 1108 1073 1043 1117 1079 1085 1127 1082 1087 1070 1059 1048 1076 1086 1097 1067 1106 1114 1122
"MBRBS715" 1173 1225 1195 1198 1189 1198 1215 1229 1201 1165 1178 1191 1202 1210 1189 1165 1202 1199 1172 1233 1179 1177 1215 1175 1174 1159 1179 1179 1169 1197 1210 1199 1154 1188 1202 1183 1177 1221 1183 1197 1208 1183 1171 1200 1174 1185 1192 1199 1210 1175 1212 1190 1179 1189 1216 1177 1208 1216 1158 1150 1183 1185 1196 1189 1182 1228 1211 1199 1136 1187 1203 1188 1208 1234 1187 1213 1181 1177 1177 1174 1204 1235 1218 1165 1191 1203 1170 1173 1155 1193 1174 1169 1203 1167 1239 1187 1163 1201 1231 1179
"MBRBS914" 1054 1118 1095 1104 1126 1113 1087 1129 1073 1113 1099 1118 1107 1137 1140 1087 1120 1113 1088 1075 1131 1121 1128 1160 1115 1078 1121 1086 1079 1110 1088 1110 1066 1062 1104 1106 1113 1094 1118 1124 1118 1112 1084 1094 1122 1125 1131 1083 1123 1102 1111 1115 1086 1131 1120 1137 1125 1124 1092 1141 1083 1134 1132 1110 1098 1113 1095 1090 1105 1115 1120 1146 1100 1104 1094 1110 1157 1162 1151 1126 1109 1084 1102 1125 1085 1117 1097 1107 1127 1147 1133 1110 1124 1104 1087 1117 1094 1100 1106 1117
"MBRBS915" 1135 1131 1115 1150 1109 1121 1124 1173 1129 1097 1097 1105 1156 1107 1127 1109 1136 1131 1132 1148 1159 1148 1147 1118 1128 1123 1120 1121 1096 1103 1129 1134 1114 1142 1123 1132 1145 1091 1123 1144 1128 1147 1116 1155 1102 1129 1126 1138 1108 1123 1146 1125 1115 1153 1120 1088 1110 1147 1103 1100 1115 1113 1122 1122 1128 1112 1109 1101 1127 1131 1131 1129 1092 1133 1115 1133 1132 1129 1141 1152 1142 1142 1103 1139 1099 1114 1111 1127 1150 1113 1098 1124 1119 1099 1135 1118 1151 1126 1088 1095
"MBREF515" 236 224 229 217 233 199 208 237 215 208 225 212 209 222 203 218 199 228 205 219 206 208 216 221 217 242 221 220 211 218 228 221 212 216 235 228 211 219 231 227 213 210 212 237 206 224 221 219 217 227 219 221 210 219 227 217 213 212 223 225 224 235 212 212 224 235 209 212 226 227 222 222 224 210 219 249 220 220 204 210 229 231 211 217 207 213 217 212 219 203 216 216 199 211 219 220 188 227 226 227
"MBREF714" 246 239 252 244 230 247 236 231 238 237 240 223 239 256 250 237 237 231 229 243 228 227 227 219 230 245 236 221 250 241 237 228 231 250 237 254 220 242 236 236 247 238 248 246 249 227 244 249 234 223 227 251 250 231 234 253 249 225 239 233 228 239 224 230 241 251 244 235 225 258 241 238 230 241 245 251 227 242 241 230 244 242 250 248 241 231 232 249 225 246 236 250 225 239 231 237 240 243 232 248
"MBREF715" 228 214 234 221 211 222 233 224 238 224 220 218 235 230 229 217 224 227 215 217 232 232 217 229 217 227 217 239 224 237 216 234 231 216 230 218 240 223 223 232 228 209 220 214 222 223 230 233 237 231 218 221 226 229 218 224 219 209 227 221 229 216 230 220 230 218 226 213 225 221 230 218 225 224 216 225 217 232 238 221 239 208 227 216 225 218 228 232 227 218 223 231 234 240 226 227 230 230 215 217
"MBREF914" 292 284 287 264 267 290 271 299 281 283 282 284 280 286 278 280 281 279 284 290 281 277 281 274 306 280 270 282 283 295 292 280 291 274 293 273 262 275 279 293 264 277 272 298 274 278 297 266 283 291 287 277 293 291 279 270 284 291 289 303 306 290 277 268 301 297 300 293 283 287 273 269 310 284 289 292 280 288 293 282 279 285 291 284 273 282 291 269 280 269 278 281 287 286 284 276 294 308 290 307
"MBREF915" 328 316 334 315 314 311 315 292 322 314 308 310 313 291 311 312 316 329 323 314 314 317 319 311 322 316 315 333 300 303 307 318 302 331 342 327 327 324 315 307 311 329 332 310 296 326 317 319 309 315 316 317 306 307 320 293 328 319 295 319 328 313 317 312 323 317 297 316 312 317 313 326 321 344 285 318 325 307 323 304 314 323 317 321 332 297 329 308 315 306 312 314 319 313 307 308 316 308 296 303
"MBREJ515" 751 775 777 807 772 769 783 758 811 769 761 778 775 750 778 784 772 761 754 772 777 759 748 786 784 775 780 772 748 768 747 769 764 769 778 787 783 775 794 761 784 765 776 787 761 771 762 792 799 760 780 773 783 770 783 771 812 786 758 784 771 783 780 763 786 753 755 793 781 770 778 771 765 782 770 761 782 791 755 764 768 752 760 773 787 781 786 776 776 793 763 760 793 785 774 750 782 737 803 752
"MBREJ715" 436 448 451 447 447 453 456 443 440 436 458 471 447 476 434 445 458 426 449 454 452 452 465 431 434 443 445 433 433 436 445 436 454 428 449 443 445 444 473 441 438 448 442 438 463 434 428 440 437 430 436 447 474 458 445 461 448 446 434 420 425 454 433 454 425 446 424 438 451 446 447 441 438 427 445 454 432 454 441 451 429 459 472 433 458 453 442 460 434 444 449 441 445 441 464 423 450 431 415 436
"MBREJ915" 317 340 332 333 334 346 331 328 323 345 344 344 317 341 346 323 338 338 328 322 313 362 328 330 337 351 335 322 315 333 327 329 340 342 328 339 338 322 343 349 351 334 327 319 333 344 317 327 327 341 332 335 335 341 329 313 323 334 326 350 315 324 336 322 340 320 326 330 322 324 336 342 348 337 336 344 333 306 328 355 334 317 334 310 326 351 335 313 341 343 346 330 328 336 334 330 345 342 342 328
"MBREK515" 217 226 226 243 225 219 222 233 220 220 223 226 205 224 234 212 220 241 231 204 220 233 232 224 231 226 204 240 227 203 237 212 215 234 229 232 213 228 231 228 226 234 225 222 237 218 229 222 231 230 235 203 218 222 239 222 225 213 222 225 226 229 230 237 228 216 228 224 217 228 227 234 238 210 220 230 231 217 225 227 227 224 236 231 226 230 211 211 213 221 232 235 224 203 213 237 224 238 243 237
"MBREK715" 202 199 195 193 217 209 207 205 190 189 188 199 207 202 195 210 202 194 198 205 203 218 188 190 192 206 186 186 188 208 199 202 207 192 196 194 181 203 202 196 191 199 207 199 201 200 190 204 209 204 198 198 205 193 199 193 223 189 201 211 188 200 205 191 194 193 204 198 204 192 200 202 206 202 186 203 194 203 197 193 206 186 195 193 196 205 198 200 201 191 205 198 205 194 205 204 202 197 211 206
"MBREK915" 282 279 266 290 280 280 294 270 270 288 279 282 291 278 294 281 273 290 274 275 286 297 296 288 280 286 281 281 277 280 284 277 290 280 280 271 288 281 267 287 277 285 286 279 281 279 282 276 293 286 287 285 280 294 303 295 290 299 283 270 274 283 284 279 279 265 274 283 271 274 265 284 291 279 270 282 280 264 294 281 279 299 286 306 294 278 293 288 286 277 289 277 293 284 291 297 283 264 279 291
"MBREP515" 576 604 603 607 605 596 576 585 582 581 584 618 567 589 584 577 622 607 593 600 591 606 616 596 596 590 599 608 581 581 603 602 605 595 586 603 602 593 596 597 614 600 604 581 581 615 593 593 628 577 590 589 595 601 602 607 608 590 586 588 586 612 585 612 583 591 599 602 588 574 628 599 593 603 601 601 625 602 605 617 605 582 590 613 587 614 591 591 601 594 600 607 586 604 578 598 595 593 601 574
"MBREP714" 427 405 434 416 419 429 418 418 412 415 404 419 413 422 416 417 401 430 407 408 431 411 405 434 404 407 408 425 419 427 406 409 421 417 412 402 429 407 423 422 421 413 416 393 414 402 410 393 416 424 428 396 400 407 402 409 437 403 426 410 399 394 412 405 428 420 402 413 411 422 413 403 434 394 397 429 401 426 428 398 416 420 417 424 422 400 406 406 433 408 408 399 415 408 417 401 435 401 422 430
"MBREP715" 466 485 477 481 471 491 485 474 451 483 486 466 471 468 458 475 464 451 468 474 454 459 454 482 464 464 482 458 457 473 459 490 452 462 506 477 472 483 466 470 468 491 463 467 456 477 460 458 464 486 470 470 469 463 450 454 492 476 447 463 461 473 473 478 461 449 494 470 486 469 472 466 466 455 475 474 474 483 466 487 483 470 510 474 473 480 492 462 480 483 484 474 480 464 474 473 474 455 482 471
"MBREP914" 409 402 394 405 407 398 412 396 415 391 418 426 400 400 411 393 418 401 415 400 408 407 409 416 407 401 407 397 388 423 399 401 394 384 395 398 398 406 399 418 392 398 409 398 414 422 397 417 406 401 406 419 387 408 405 409 399 414 398 396 396 418 411 411 403 399 389 402 399 408 417 400 400 405 406 435 405 424 425 443 404 425 402 411 435 400 427 431 402 414 409 407 409 418 400 400 393 403 391 412
"MBREP915" 476 468 465 473 460 461 475 465 440 462 469 455 476 461 461 479 459 480 447 452 438 451 444 456 469 469 445 465 461 458 451 449 435 470 451 454 481 435 434 452 479 446 459 472 455 463 471 456 446 474 472 474 454 454 455 465 475 437 451 466 457 457 456 453 451 454 458 473 464 449 431 453 466 474 460 454 451 490 479 483 460 470 471 479 462 462 478 450 467 449 465 472 459 456 474 460 465 464 468 448
"MBRHF515" 267 292 267 265 285 277 275 250 282 263 264 276 264 263 273 276 269 272 268 268 255 261 273 251 275 278 270 258 267 274 261 265 245 260 294 278 282 262 267 273 244 272 279 275 266 263 264 270 277 263 253 283 266 270 255 264 269 267 268 275 271 274 260 295 250 264 266 292 269 253 264 282 272 251 269 294 268 259 268 292 259 266 285 254 261 269 261 264 254 275 286 272 281 262 292 250 262 285 284 287
"MBRHF714" 325 328 323 306 333 319 314 316 312 312 307 321 305 342 323 319 307 320 311 321 317 325 323 333 336 322 323 316 324 327 322 318 327 323 308 334 318 301 317 326 315 326 320 290 324 320 323 313 315 317 329 319 318 315 323 321 315 317 329 337 320 320 321 318 316 336 312 327 319 300 312 311 324 324 316 322 316 308 338 315 320 299 333 316 315 319 321 321 309 329 311 318 330 325 337 307 322 322 332 314
"MBRHF715" 319 314 350 323 322 316 318 345 349 329 319 323 342 337 346 320 309 350 310 320 337 326 329 350 311 353 328 348 338 307 302 319 307 313 323 343 322 305 350 324 325 314 334 311 332 347 333 332 329 323 314 336 319 344 337 350 331 314 327 321 327 327 318 318 341 333 313 305 320 335 332 337 342 315 317 345 332 317 333 334 301 333 316 341 336 330 353 353 336 328 333 308 335 318 349 348 337 313 325 324
"MBRHF914" 401 406 417 431 412 422 403 405 425 423 403 401 420 436 398 414 406 421 402 428 424 420 418 415 421 410 415 426 399 410 413 408 420 416 412 433 439 421 431 432 400 396 422 414 432 424 417 419 399 419 418 402 419 412 411 401 407 425 414 420 431 418 407 430 412 411 400 391 427 432 442 428 426 408 441 412 441 445 407 397 415 403 412 427 395 419 421 409 418 426 414 408 425 402 416 407 408 411 432 429
"MBRHF915" 372 396 380 385 404 406 377 411 405 386 389 392 399 402 389 388 379 398 416 374 407 381 404 379 377 386 381 391 389 392 383 410 374 398 411 378 401 419 393 376 419 405 376 379 383 387 406 366 382 392 369 364 389 389 397 406 385 389 389 376 378 411 403 406 403 423 374 394 397 403 391 427 393 393 380 379 389 397 379 396 402 394 423 407 404 403 378 399 381 376 400 413 396 420 376 392 394 394 387 387
"MBRHJ515" 933 941 944 955 912 941 947 922 940 939 940 944 939 925 945 943 926 954 954 934 940 924 958 939 918 944 946 925 940 930 951 944 923 943 942 933 961 923 930 957 913 956 930 938 918 954 922 926 939 925 950 968 949 927 957 946 940 946 938 921 967 933 929 949 940 922 916 966 953 921 947 949 951 935 947 957 955 910 922 940 931 931 952 929 930 936 965 974 969 956 926 949 937 918 918 929 925 956 935 941
"MBRHJ715" 543 554 520 507 532 532 519 520 514 539 531 539 540 525 541 522 518 535 523 538 531 522 535 530 525 536 528 524 516 523 525 546 517 525 554 515 525 517 523 534 539 521 543 516 531 535 527 522 517 536 527 536 528 523 527 516 538 515 530 494 538 531 550 533 522 532 534 540 524 516 520 546 531 529 496 540 548 530 519 519 540 539 548 534 553 535 536 525 517 546 520 557 546 536 542 536 539 528 537 543
"MBRHJ915" 507 515 551 538 515 541 535 524 525 502 532 523 535 546 505 510 508 530 530 526 550 505 505 523 524 504 524 515 533 510 517 525 545 515 513 517 518 521 530 552 520 518 528 523 532 527 540 514 538 509 536 514 526 524 495 535 547 526 557 513 522 509 533 545 505 530 532 527 536 518 508 542 514 512 542 529 544 542 529 498 511 537 535 520 538 512 525 538 524 511 526 550 515 534 511 521 493 535 518 504
"MBRHK515" 260 276 266 275 253 273 257 254 243 269 246 272 272 262 270 273 251 282 258 264 260 253 257 276 260 267 250 281 249 270 254 268 255 252 258 262 265 264 261 265 258 261 262 268 282 261 258 260 267 261 273 264 249 249 262 271 264 252 267 273 255 254 252 259 260 267 263 270 259 252 253 264 257 261 275 276 244 250 259 255 251 272 245 249 257 277 257 243 265 263 254 279 241 278 257 240 259 273 275 271
"MBRHK715" 282 281 280 287 303 273 287 307 278 300 298 283 287 305 289 281 302 287 290 266 294 293 295 293 300 276 299 286 298 279 280 290 286 296 310 287 307 309 294 291 283 272 286 297 296 311 302 288 304 290 287 292 283 285 306 284 307 292 274 289 288 296 307 317 299 297 290 289 291 291 293 286 290 299 296 293 297 300 283 296 274 296 278 308 277 282 290 318 289 290 275 285 302 292 296 280 299 295 286 290
"MBRHK915" 448 485 450 478 481 445 470 445 422 443 466 425 478 459 466 468 465 456 452 449 441 441 449 464 420 462 439 451 445 457 444 451 457 459 447 446 458 474 446 458 453 436 479 446 450 433 442 430 458 459 447 460 472 445 487 444 458 460 465 461 448 463 469 447 466 447 446 487 461 456 441 448 429 455 462 439 451 447 456 481 446 439 475 469 465 435 457 455 441 467 468 449 437 460 456 462 451 462 460 456
"MBRHP515" 705 679 715 717 700 684 699 678 696 680 692 696 712 681 686 712 702 698 702 693 666 711 707 719 682 691 701 696 677 717 708 695 701 716 719 703 690 691 685 687 707 712 692 710 687 723 695 725 684 714 695 688 707 712 682 708 711 683 686 696 712 723 720 719 679 692 691 695 696 708 701 703 719 687 727 677 716 708 698 717 696 708 685 700 702 691 714 679 715 698 703 692 695 709 679 670 695 723 699 682
"MBRHP714" 449 472 436 451 417 433 474 478 418 462 475 422 463 455 421 455 433 468 425 435 466 451 430 434 449 459 468 470 446 447 458 460 436 424 444 429 437 452 448 460 443 442 439 440 436 466 454 454 437 437 436 453 433 451 439 446 412 449 425 444 413 457 442 448 446 468 445 455 457 442 436 438 436 463 439 458 450 458 451 438 455 448 454 459 429 435 459 446 462 458 446 475 425 441 442 472 437 450 466 468
"MBRHP914" 514 539 556 544 515 538 531 529 516 514 538 528 516 546 533 528 518 510 554 553 542 528 542 534 504 511 541 508 535 542 508 531 524 520 553 525 529 537 517 520 539 534 527 525 539 549 534 523 533 551 528 517 525 521 538 516 531 532 528 531 523 523 513 564 522 533 535 509 531 517 507 510 529 535 530 556 514 537 542 517 541 527 523 521 519 524 534 548 528 499 532 533 530 527 509 542 515 519 519 522
"MBRHP915" 467 511 483 477 498 494 489 501 497 485 468 472 480 490 492 475 460 489 481 473 495 488 462 487 466 476 493 501 487 481 483 493 472 496 475 486 487 500 497 485 486 497 496 496 470 455 472 487 496 490 483 481 478 505 499 464 479 474 503 467 494 506 461 470 483 488 485 483 499 490 482 484 484 469 505 483 504 488 480 494 483 501 500 514 494 480 481 504 494 482 483 474 473 494 485 503 462 464 467 511
"MDPBS514" 1093 1095 1152 1093 1104 1113 1104 1113 1083 1132 1103 1100 1076 1140 1107 1098 1126 1111 1133 1142 1098 1100 1080 1140 1121 1112 1140 1131 1138 1110 1154 1102 1068 1122 1152 1132 1091 1104 1080 1099 1090 1144 1129 1139 1091 1102 1089 1098 1094 1095 1129 1093 1101 1137 1113 1098 1103 1117 1104 1094 1103 1117 1163 1090 1097 1103 1094 1157 1106 1107 1089 1118 1138 1084 1107 1136 1083 1144 1154 1125 1131 1130 1099 1097 1131 1152 1109 1082 1093 1095 1085 1136 1115 1134 1104 1119 1117 1086 1109 1106
"MDPBS515" 1208 1201 1213 1195 1183 1189 1206 1224 1179 1194 1194 1210 1225 1180 1231 1228 1198 1177 1216 1222 1207 1220 1194 1187 1228 1250 1232 1201 1239 1202 1230 1231 1218 1207 1238 1223 1181 1158 1206 1198 1194 1160 1188 1203 1184 1208 1202 1196 1191 1215 1187 1208 1182 1200 1183 1222 1237 1194 1192 1184 1197 1201 1181 1198 1195 1217 1216 1201 1186 1190 1202 1212 1226 1196 1207 1214 1211 1181 1222 1183 1191 1186 1221 1193 1223 1201 1231 1200 1204 1202 1222 1206 1187 1203 1245 1173 1188 1224 1189 1217
"MDPBS714" 1120 1154 1169 1178 1143 1142 1156 1197 1163 1169 1183 1144 1196 1145 1198 1179 1164 1201 1186 1184 1161 1147 1159 1137 1163 1141 1134 1164 1170 1196 1157 1135 1129 1169 1180 1181 1214 1157 1153 1197 1158 1158 1146 1139 1123 1163 1149 1170 1210 1149 1164 1195 1143 1181 1160 1164 1178 1131 1190 1174 1137 1170 1167 1181 1111 1136 1156 1185 1161 1168 1144 1177 1182 1216 1144 1161 1207 1156 1206 1173 1172 1158 1168 1135 1189 1149 1215 1166 1171 1143 1162 1158 1200 1143 1168 1182 1174 1173 1166 1186
"MDPBS715" 1140 1111 1105 1109 1109 1095 1089 1095 1083 1114 1092 1124 1115 1119 1109 1126 1111 1102 1072 1111 1109 1108 1114 1119 1098 1088 1101 1112 1087 1129 1102 1117 1099 1129 1130 1106 1138 1099 1134 1105 1097 1135 1076 1086 1133 1099 1095 1114 1081 1128 1118 1120 1102 1085 1112 1093 1096 1095 1072 1108 1115 1129 1145 1158 1117 1077 1093 1087 1137 1138 1085 1084 1127 1114 1105 1141 1109 1088 1121 1101 1096 1097 1096 1133 1128 1077 1098 1132 1130 1092 1110 1151 1120 1115 1158 1141 1104 1124 1106 1083
"MDPBS914" 1177 1135 1156 1166 1146 1139 1154 1154 1140 1170 1187 1150 1154 1155 1172 1129 1147 1136 1149 1126 1104 1166 1103 1105 1114 1149 1132 1149 1172 1196 1187 1170 1152 1136 1134 1141 1162 1131 1164 1192 1150 1115 1167 1204 1148 1167 1122 1165 1170 1171 1112 1163 1137 1124 1185 1137 1181 1182 1132 1168 1121 1143 1170 1146 1148 1146 1148 1131 1138 1129 1094 1161 1137 1179 1158 1144 1162 1182 1133 1153 1196 1143 1163 1143 1120 1159 1169 1127 1152 1155 1167 1146 1167 1126 1110 1147 1197 1162 1158 1148
"MDPBS915" 1087 1068 1108 1051 1074 1068 1080 1093 1075 1069 1083 1069 1059 1095 1087 1094 1073 1078 1090 1107 1055 1095 1080 1074 1054 1090 1102 1086 1102 1072 1063 1074 1050 1093 1070 1084 1084 1064 1093 1057 1103 1076 1069 1069 1100 1081 1100 1072 1093 1070 1087 1123 1098 1067 1087 1062 1070 1124 1052 1082 1086 1059 1075 1088 1082 1075 1109 1096 1085 1093 1115 1110 1081 1057 1123 1061 1093 1062 1099 1082 1084 1089 1046 1075 1083 1046 1087 1056 1085 1105 1094 1099 1078 1117 1098 1060 1057 1065 1066 1102
"MDPEF514" 300 312 300 326 300 322 321 300 323 298 331 314 302 307 307 311 300 308 316 328 301 324 322 320 307 296 310 303 305 322 298 321 304 310 298 336 307 304 316 316 312 316 279 333 309 304 298 304 306 307 329 318 334 320 306 318 300 305 325 306 303 303 306 319 280 323 323 297 333 326 303 319 292 307 309 316 308 291 318 292 315 327 326 318 310 324 294 296 317 315 311 316 306 310 297 319 330 309 325 305
"MDPEF515" 212 195 211 213 200 204 187 204 210 222 213 184 201 218 208 202 196 209 209 191 206 209 192 211 196 220 202 219 208 212 202 207 199 205 200 223 208 208 217 207 207 199 202 198 206 204 199 204 217 203 208 199 212 213 207 215 207 218 197 214 204 197 216 205 216 213 208 213 200 210 202 201 199 208 195 213 200 211 199 195 209 204 200 192 212 203 205 208 209 215 197 202 205 211 208 205 188 204 218 196
"MDPEF714" 286 287 287 278 287 306 299 301 290 277 295 298 279 283 273 290 280 293 292 281 301 300 283 285 294 281 295 269 287 301 277 292 293 298 295 311 310 300 292 286 303 284 291 293 293 279 292 286 302 300 301 292 286 290 295 288 283 301 289 297 300 295 297 296 284 304 292 290 302 273 293 294 289 301 283 300 300 295 290 292 290 286 281 297 303 280 293 312 297 300 292 300 297 296 293 300 286 290 288 296
"MDPEF715" 239 236 240 244 258 236 264 245 254 250 240 253 257 249 254 232 234 250 234 247 253 256 265 244 236 256 252 251 239 268 237 230 249 244 256 251 231 233 239 235 251 254 260 250 248 247 247 251 245 246 261 227 232 250 241 248 255 258 243 256 252 258 236 257 242 241 241 245 243 252 253 229 248 251 257 243 247 245 237 231 229 247 256 258 239 262 243 241 250 242 238 239 241 248 254 246 238 235 240 254
"MDPEF914" 280 271 289 280 286 265 279 269 282 272 275 265 273 293 293 276 274 280 273 272 279 274 281 271 277 285 274 272 270 283 279 268 282 275 294 286 273 263 277 280 263 288 282 286 277 284 286 269 280 284 265 272 271 272 268 265 283 270 270 275 275 287 272 269 280 281 279 271 286 277 260 284 274 294 268 288 284 276 285 274 275 273 264 296 285 270 275 290 276 271 262 287 289 281 267 269 270 274 271 275
"MDPEF915" 295 298 313 276 311 326 310 317 315 295 320 310 322 310 310 309 299 318 309 311 318 306 336 304 308 316 316 320 316 304 335 309 295 313 302 330 303 301 316 305 318 309 310 313 301 311 317 317 311 294 324 299 329 313 316 314 311 305 338 317 296 312 302 297 298 311 322 316 315 322 313 310 330 324 306 325 324 318 301 337 308 308 310 316 293 324 312 324 321 312 326 309 301 315 317 313 304 293 309 306
"MDPEJ515" 443 441 422 420 431 434 451 431 439 428 390 442 419 421 439 413 438 428 420 428 441 443 427 434 427 435 434 429 446 448 432 417 427 412 424 436 439 416 428 444 414 424 425 414 416 447 423 428 430 422 437 410 427 411 421 420 394 428 431 432 416 415 427 421 409 436 432 418 435 422 424 437 425 443 428 415 421 411 434 445 423 415 417 428 419 435 419 417 440 413 443 443 443 396 437 427 419 413 436 411
"MDPEJ715" 342 349 341 355 351 338 351 355 360 359 350 333 371 332 344 377 362 335 344 353 333 363 360 339 342 353 349 357 348 338 345 339 342 337 356 338 338 343 329 360 328 337 356 355 330 353 354 344 348 345 360 347 354 343 358 348 355 349 339 355 356 341 334 328 356 326 360 337 345 349 353 366 335 341 355 346 346 351 339 342 352 346 370 369 345 337 349 358 343 337 346 343 348 346 379 366 349 332 355 339
"MDPEJ915" 378 370 357 354 355 364 361 362 361 358 340 362 347 385 367 347 362 372 360 361 347 352 378 363 367 375 350 363 354 368 351 372 367 367 373 374 367 375 385 379 364 363 358 380 360 373 358 381 357 378 357 352 359 374 361 354 364 345 375 365 353 364 369 360 369 374 365 354 355 365 359 359 343 364 352 336 366 349 358 364 344 338 349 350 350 363 360 355 344 355 354 355 362 354 376 357 381 387 362 379
"MDPEK515" 210 229 230 230 237 237 231 220 233 229 227 224 233 224 207 228 222 235 215 207 218 221 247 225 225 236 220 227 210 207 251 232 222 225 224 225 217 227 219 241 235 228 226 227 238 212 215 213 236 230 222 239 230 231 221 240 242 225 229 215 228 223 221 229 227 232 220 224 229 231 225 236 211 227 220 236 230 220 222 225 223 212 228 230 221 216 226 219 239 230 206 225 235 243 221 210 235 227 227 234
"MDPEK715" 236 243 231 234 235 236 237 222 239 240 242 213 239 233 214 224 230 235 231 225 232 219 237 238 223 243 233 230 244 230 220 236 234 227 228 243 255 228 231 233 234 238 236 225 243 223 229 227 243 228 230 233 245 222 236 237 237 229 248 237 234 232 232 232 218 237 221 233 233 223 241 231 239 227 235 228 243 226 218 227 228 218 236 221 238 229 237 245 249 230 223 225 226 236 248 231 232 227 239 235
"MDPEK915" 290 275 309 294 294 300 302 289 303 291 307 290 296 291 287 293 301 307 287 304 300 299 293 305 295 289 296 296 317 314 281 297 304 299 295 306 290 291 300 284 295 290 293 302 304 286 305 304 292 310 303 303 284 285 283 279 298 290 297 303 281 300 306 294 320 302 304 297 303 272 297 316 290 292 300 299 309 299 286 305 281 310 314 304 310 311 304 290 299 302 299 294 309 287 311 283 270 297 317 292
"MDPEP514" 594 568 587 601 610 608 577 580 591 564 575 584 580 590 570 589 586 579 584 568 600 596 579 591 603 589 601 595 561 577 579 596 570 593 588 589 593 568 578 575 598 600 588 579 586 577 593 601 577 589 599 590 574 573 600 551 578 581 619 538 587 572 582 568 575 596 600 626 597 582 558 626 584 595 557 563 579 561 597 576 585 605 578 563 595 565 592 572 573 556 577 588 596 595 593 612 618 601 589 571
"MDPEP515" 473 461 450 442 461 470 476 471 463 473 455 458 480 447 452 460 472 461 444 493 449 470 464 478 447 447 466 471 448 474 463 497 464 448 462 482 440 448 475 472 469 453 456 428 445 485 466 472 460 472 465 457 467 474 445 451 464 471 470 475 480 467 445 472 458 463 457 461 456 471 471 489 458 481 458 477 473 461 443 463 464 462 465 467 469 483 466 468 497 472 487 476 469 474 462 453 471 488 445 469
"MDPEP714" 391 390 377 363 382 391 373 373 389 358 383 373 383 378 401 362 373 380 376 390 375 379 368 382 366 376 384 402 374 395 387 376 376 392 359 367 367 384 371 377 396 368 372 377 377 393 366 379 370 380 384 386 389 378 371 380 379 383 360 413 380 392 396 395 374 377 382 398 373 363 389 380 392 374 393 388 400 360 379 394 396 372 382 378 376 372 383 378 378 388 374 386 382 390 374 391 360 396 374 370
"MDPEP715" 385 390 421 423 411 428 410 401 412 399 428 414 424 408 411 407 397 411 414 400 411 421 387 417 428 405 401 403 396 410 410 392 423 423 429 407 406 407 450 438 406 378 419 410 396 417 400 407 402 424 410 405 404 408 416 424 405 390 415 428 430 408 420 408 403 415 399 407 413 419 391 403 411 394 412 390 411 422 392 407 417 410 411 416 403 416 396 394 411 410 394 415 430 393 395 434 402 407 406 401
"MDPEP914" 391 369 386 393 385 377 407 376 386 387 375 388 382 384 379 385 369 361 394 391 404 400 377 379 383 368 378 381 385 388 374 365 366 387 370 409 385 378 388 376 388 400 393 381 395 381 380 368 376 374 374 369 370 392 385 388 380 370 401 373 387 393 368 398 364 381 383 353 396 408 398 387 367 370 379 393 401 391 403 385 391 380 378 379 378 381 380 386 367 387 381 393 395 356 381 368 382 402 369 393
"MDPEP915" 413 437 416 428 410 418 426 410 428 418 400 409 402 416 422 435 396 436 423 406 428 428 409 399 401 403 424 403 402 403 394 401 424 423 410 414 404 429 415 402 392 420 423 401 393 406 419 404 401 386 407 405 387 402 396 418 406 404 405 392 423 430 413 393 411 423 393 402 420 401 414 397 406 431 396 401 435 395 411 407 397 394 396 415 406 426 396 383 414 400 415 407 419 382 394 404 425 389 385 411
"MDPHF514" 328 318 330 302 303 321 331 305 313 325 319 320 328 318 312 334 307 331 306 325 332 317 291 319 318 320 295 297 311 299 312 317 337 315 318 316 329 316 315 320 311 321 333 318 303 302 311 314 304 300 325 312 290 321 329 316 322 337 298 317 335 327 316 332 318 315 325 316 330 333 317 311 320 328 339 312 314 333 332 321 306 330 317 327 291 301 296 309 338 337 310 314 303 318 326 322 304 310 312 322
"MDPHF515" 311 289 302 299 283 296 296 294 300 311 313 314 318 309 311 319 287 306 296 292 292 307 313 308 319 303 312 305 295 305 311 292 309 327 285 298 325 292 310 326 302 307 289 304 297 296 286 299 315 284 309 294 301 301 297 313 291 318 302 309 294 306 322 314 289 280 312 305 297 291 303 299 274 300 302 303 293 302 308 311 304 299 309 328 288 299 316 306 290 310 312 306 289 299 298 300 307 302 303 302
"MDPHF714" 380 384 369 371 373 377 389 373 357 359 379 373 363 368 358 367 349 380 373 369 374 351 355 374 380 364 363 376 366 354 380 390 376 387 392 374 368 363 376 364 374 388 373 367 391 378 355 360 360 395 359 389 372 360 395 372 365 371 358 377 375 360 375 391 364 380 374 371 383 352 378 386 372 386 363 349 374 354 364 374 390 352 385 371 384 364 382 365 367 373 390 368 368 370 364 358 385 368 389 373
"MDPHF715" 383 358 388 370 382 387 371 367 365 361 375 371 378 377 373 383 377 388 367 373 379 373 395 381 395 380 382 399 377 378 378 382 373 403 374 375 384 356 380 376 388 366 382 368 378 376 374 375 387 374 396 372 397 382 370 387 409 353 382 375 375 386 382 385 376 382 387 370 370 397 404 356 389 386 373 389 403 363 395 382 389 349 384 374 380 371 390 371 369 377 382 367 376 379 357 371 358 358 398 386
"MDPHF914" 546 560 588 579 588 566 569 564 560 541 570 542 563 560 536 543 541 571 561 584 555 559 559 562 554 554 539 558 567 568 542 551 563 564 565 546 571 558 566 554 538 553 543 565 561 567 558 568 565 555 534 549 560 587 568 563 564 554 551 550 587 541 566 566 564 553 571 568 559 553 551 559 568 542 575 551 565 549 560 535 565 563 576 538 560 542 579 558 565 580 569 560 567 549 553 544 541 577 603 542
"MDPHF915" 555 542 547 521 545 542 551 560 562 546 564 523 536 529 525 532 535 522 542 540 539 536 570 516 549 563 543 545 570 523 552 530 522 521 545 541 530 570 532 556 580 521 535 547 513 553 557 543 541 536 547 539 573 548 530 554 563 564 552 545 538 538 539 551 551 555 545 530 569 531 539 526 540 541 531 555 526 548 533 544 561 533 524 530 531 526 575 549 556 541 549 568 552 519 533 558 560 553 543 521
"MDPHJ515" 457 460 455 482 454 479 476 479 458 467 467 456 468 451 454 476 456 454 459 486 446 452 459 471 460 466 445 471 476 457 465 460 461 453 450 473 482 465 459 448 474 469 483 483 494 489 464 465 484 478 483 486 461 447 460 477 445 470 454 437 475 479 463 454 472 449 466 456 445 458 465 474 483 460 459 450 453 468 447 455 450 488 468 464 451 466 470 465 464 469 475 478 474 476 462 456 488 431 467 467
"MDPHJ715" 461 466 454 477 454 471 467 456 459 472 479 460 467 470 462 466 461 449 468 466 459 437 480 471 476 438 491 470 484 429 472 477 461 447 471 441 491 473 462 454 490 462 460 479 444 492 476 488 481 472 470 483 463 456 447 491 478 474 469 483 457 443 468 452 443 458 468 434 476 480 457 469 470 458 481 472 451 473 484 456 451 470 471 440 443 481 464 481 448 480 461 470 454 454 456 459 457 467 456 468
"MDPHJ915" 247 247 245 246 239 255 242 252 247 254 233 243 247 243 247 241 250 256 248 252 242 243 244 241 246 241 247 253 251 243 246 253 255 244 243 252 242 239 250 233 249 245 247 250 244 242 242 243 246 253 251 250 246 249 252 255 248 244 245 251 247 240 245 241 250 245 248 248 239 237 245 253 243 233 248 248 257 240 247 239 236 243 249 241 252 247 244 240 248 250 241 246 241 245 245 242 251 253 248 249
"MDPHK515" 309 311 307 321 299 301 306 325 324 327 327 314 291 307 311 295 304 300 307 319 319 324 299 311 327 304 314 311 314 331 327 286 314 317 309 303 316 315 311 318 316 312 308 271 316 326 292 295 289 290 317 312 303 306 304 316 324 295 312 311 303 311 302 308 310 317 295 328 311 322 329 312 317 307 322 327 316 310 310 296 323 292 333 310 306 328 307 314 325 311 294 302 311 301 296 308 310 315 307 313
"MDPHK715" 334 332 353 353 345 333 340 364 351 374 347 331 362 359 333 324 340 348 353 341 331 348 365 355 330 354 344 361 349 331 335 339 367 336 338 353 331 338 345 351 335 330 353 350 331 340 348 352 337 347 360 350 326 352 340 329 326 350 347 360 372 330 345 332 363 367 354 346 335 357 339 360 351 342 354 343 331 349 331 357 353 350 336 330 349 356 361 331 334 354 352 353 334 345 320 347 344 327 351 349
"MDPHK915" 499 510 500 490 517 511 512 486 487 506 463 503 500 520 498 495 521 507 506 520 523 518 499 517 499 489 485 512 508 536 466 505 517 496 492 516 507 507 504 495 530 487 480 504 504 494 509 499 508 497 509 507 511 494 507 511 522 519 523 535 518 511 497 509 524 495 518 530 527 510 494 510 500 489 494 501 509 512 509 522 483 504 514 507 501 488 531 495 508 515 486 511 464 498 509 514 504 491 529 526
"MDPHP514" 308 341 320 321 298 322 303 327 329 312 324 324 345 338 328 318 339 335 350 316 322 323 315 340 326 299 316 341 335 311 341 318 315 335 321 332 310 332 332 331 310 341 340 352 328 336 309 360 351 325 334 342 318 320 326 322 347 338 328 342 312 351 333 330 325 329 336 331 340 344 332 321 331 329 344 334 314 341 332 322 311 318 315 321 317 325 324 336 331 316 323 355 348 330 340 331 335 319 302 331
"MDPHP515" 475 521 502 486 488 492 489 502 502 471 511 498 504 483 501 497 491 475 507 474 469 523 495 501 513 508 497 477 497 503 471 482 489 497 514 482 491 501 483 491 495 489 499 485 507 497 487 484 479 525 495 518 498 485 504 501 485 485 493 487 482 506 490 483 497 488 512 497 488 515 504 523 489 500 481 502 499 467 491 489 494 493 510 496 501 500 509 508 469 492 486 515 497 476 480 476 491 489 482 522
"MDPHP714" 499 461 452 467 454 458 473 450 468 444 464 461 453 467 459 472 436 468 465 462 465 466 464 470 465 446 457 474 451 463 464 464 488 481 436 478 457 448 504 453 443 485 484 470 459 442 460 451 461 465 457 473 485 445 459 472 472 450 442 477 454 490 450 469 454 454 450 461 482 453 476 436 447 480 473 463 455 454 483 472 460 472 454 457 454 447 483 475 458 458 453 468 469 469 463 481 449 463 461 460
"MDPHP715" 447 441 438 452 424 424 456 419 431 435 432 458 440 451 433 454 444 442 438 447 443 422 441 425 436 435 442 446 425 444 441 447 440 448 451 461 439 429 430 441 440 431 440 428 426 453 446 427 409 433 431 427 450 424 437 428 452 445 451 436 444 417 437 438 407 438 433 435 421 431 434 427 453 447 456 423 436 424 450 452 460 447 433 424 424 446 418 447 431 444 437 426 457 439 450 454 442 436 438 446
"MDPHP914" 512 530 493 534 547 516 538 544 543 523 548 523 562 547 533 515 525 540 529 534 517 544 527 539 519 513 541 539 530 539 524 520 500 529 526 518 539 532 541 530 551 510 544 532 529 521 501 519 523 502 511 567 516 510 530 524 547 530 559 525 538 528 539 528 532 530 518 513 534 534 546 522 503 528 535 515 534 569 530 539 511 573 500 517 537 508 531 541 548 552 536 527 518 523 551 518 539 540 521 542
"MDPHP915" 512 527 514 518 546 512 507 523 491 492 547 517 512 551 532 510 519 508 524 523 515 532 536 483 519 505 516 541 531 508 526 499 504 517 493 503 514 515 506 537 498 504 516 495 506 531 521 522 541 501 531 524 529 508 525 526 529 527 523 504 523 520 508 522 523 532 529 514 517 526 524 541 527 491 533 525 506 520 519 515 502 525 512 510 498 505 526 527 542 535 520 514 520 519 506 512 512 501 501 526
"MINBS514" 1467 1448 1444 1489 1454 1474 1482 1501 1414 1490 1459 1444 1476 1485 1492 1499 1455 1453 1432 1447 1477 1476 1446 1499 1480 1442 1442 1471 1474 1488 1453 1456 1489 1412 1469 1459 1469 1472 1485 1467 1437 1428 1468 1417 1465 1454 1463 1498 1467 1418 1452 1465 1445 1470 1477 1470 1477 1472 1475 1497 1467 1474 1486 1438 1472 1461 1438 1455 1459 1417 1458 1412 1493 1466 1469 1419 1479 1464 1463 1470 1429 1440 1500 1426 1464 1470 1466 1477 1457 1469 1453 1430 1455 1422 1430 1474 1448 1478 1486 1428
"MINBS515" 1427 1444 1385 1402 1359 1397 1412 1394 1365 1372 1448 1395 1419 1407 1437 1416 1386 1385 1385 1409 1393 1432 1407 1375 1401 1420 1379 1449 1435 1397 1392 1403 1409 1410 1427 1411 1409 1399 1403 1404 1410 1438 1366 1351 1398 1447 1362 1426 1369 1390 1383 1401 1390 1435 1423 1426 1408 1403 1411 1419 1417 1405 1370 1429 1388 1398 1408 1397 1414 1373 1367 1385 1411 1406 1406 1356 1399 1425 1390 1410 1390 1384 1430 1421 1388 1412 1372 1384 1394 1393 1384 1391 1393 1384 1403 1385 1432 1409 1377 1398
"MINBS714" 1475 1422 1470 1434 1477 1439 1452 1468 1448 1439 1476 1439 1483 1493 1442 1464 1498 1477 1479 1483 1456 1499 1451 1467 1443 1455 1444 1433 1436 1499 1462 1457 1462 1506 1488 1476 1446 1471 1507 1472 1454 1509 1442 1454 1458 1441 1429 1486 1469 1464 1483 1496 1445 1468 1484 1493 1491 1452 1479 1458 1465 1477 1470 1459 1438 1472 1454 1452 1466 1417 1470 1444 1451 1462 1477 1462 1456 1479 1482 1449 1453 1449 1474 1468 1478 1438 1469 1496 1434 1455 1460 1488 1480 1478 1520 1452 1474 1459 1450 1427
"MINBS715" 1432 1451 1450 1484 1445 1439 1437 1418 1423 1456 1411 1472 1434 1410 1439 1414 1447 1422 1437 1416 1458 1427 1431 1425 1445 1441 1442 1452 1427 1447 1452 1429 1479 1459 1434 1443 1431 1445 1410 1447 1451 1439 1416 1416 1428 1435 1443 1434 1401 1412 1423 1447 1456 1451 1423 1435 1451 1408 1429 1439 1416 1412 1465 1434 1419 1456 1433 1446 1467 1469 1404 1432 1435 1433 1449 1426 1448 1441 1431 1389 1412 1446 1440 1443 1462 1441 1457 1444 1457 1416 1416 1440 1427 1432 1470 1439 1435 1446 1410 1422
"MINBS914" 1295 1338 1329 1303 1321 1324 1291 1272 1302 1333 1351 1335 1288 1297 1343 1368 1293 1304 1341 1334 1327 1383 1328 1325 1274 1341 1301 1325 1328 1311 1303 1302 1323 1347 1317 1318 1342 1311 1313 1315 1329 1337 1299 1324 1325 1322 1302 1287 1301 1305 1324 1331 1315 1320 1261 1328 1313 1322 1307 1265 1286 1323 1291 1370 1282 1340 1313 1339 1281 1328 1327 1356 1321 1308 1308 1323 1305 1352 1332 1322 1344 1287 1302 1323 1313 1308 1325 1306 1342 1318 1329 1327 1289 1310 1359 1325 1310 1344 1350 1311
"MINBS915" 1451 1382 1353 1365 1399 1397 1394 1376 1376 1390 1358 1386 1361 1400 1367 1404 1368 1380 1358 1376 1402 1382 1401 1381 1398 1306 1425 1390 1385 1376 1384 1355 1390 1388 1360 1352 1404 1374 1343 1343 1388 1419 1377 1357 1413 1390 1386 1380 1404 1394 1376 1380 1346 1349 1396 1348 1388 1374 1382 1375 1354 1383 1374 1351 1382 1378 1355 1380 1420 1408 1391 1378 1378 1401 1363 1343 1357 1373 1360 1405 1400 1369 1377 1406 1355 1370 1355 1382 1382 1370 1390 1399 1386 1367 1386 1386 1375 1382 1346 1373
"MINEF514" 578 590 560 565 586 592 590 602 582 568 620 602 557 568 581 581 589 585 617 585 592 615 580 603 601 587 577 573 589 589 580 569 574 589 596 568 578 589 584 610 548 609 576 594 589 571 572 560 595 588 620 571 564 583 602 591 582 587 548 601 599 563 592 593 570 594 560 552 591 567 570 586 574 598 572 589 575 595 559 614 611 602 543 574 567 592 619 593 592 598 606 588 544 607 586 557 559 580 560 577
"MINEF515" 390 399 417 411 397 415 424 412 415 379 421 408 407 416 396 408 438 416 386 401 409 426 399 403 400 408 414 410 395 425 427 402 417 398 402 442 404 409 410 405 413 398 393 406 409 408 413 401 400 417 399 401 419 391 388 389 432 398 400 423 394 403 410 407 409 427 433 397 384 397 387 412 392 402 427 415 393 380 408 407 410 403 389 401 383 389 401 425 393 410 406 405 394 399 392 422 371 401 399 423
"MINEF714" 306 310 311 293 314 301 317 304 306 315 308 306 299 322 301 311 305 302 315 319 294 302 316 318 304 300 297 307 282 310 305 324 309 301 295 306 324 312 308 307 302 306 311 313 305 310 316 302 317 304 316 311 298 307 314 305 301 303 282 306 314 307 315 301 294 288 302 313 315 316 321 322 316 325 324 307 315 312 309 319 316 306 283 305 326 303 311 297 305 313 341 312 322 300 314 327 303 301 316 319
"MINEF715" 378 374 394 354 384 375 375 383 375 374 400 363 373 379 374 390 391 400 425 432 361 383 369 393 365 366 393 399 403 393 380 374 381 376 398 381 390 385 410 407 388 361 390 384 396 394 381 400 375 396 353 395 396 397 368 399 405 375 382 377 381 383 381 378 420 390 378 364 392 382 389 373 374 385 399 386 370 375 384 393 394 365 366 414 376 388 363 385 397 385 381 354 396 387 377 410 366 399 397 361
"MINEF914" 419 373 391 384 391 407 417 386 383 412 393 398 382 410 382 402 399 412 400 393 407 385 380 418 390 383 413 375 389 400 408 407 404 397 417 382 388 401 399 407 414 385 386 392 424 386 387 400 395 399 408 393 405 403 404 413 422 402 403 411 406 402 387 399 404 382 402 395 377 416 395 390 377 403 410 403 434 397 392 393 400 373 396 398 401 407 401 394 369 382 414 393 416 405 386 391 394 415 384 411
"MINEF915" 402 391 388 401 369 416 427 404 415 413 413 416 412 410 437 410 431 412 405 417 414 414 406 404 425 410 397 405 398 378 396 420 411 432 413 409 392 409 408 401 419 410 384 398 417 429 407 426 407 437 429 402 404 441 421 423 407 385 388 420 392 417 409 405 408 417 411 424 438 402 418 407 418 407 400 385 406 398 433 383 418 433 399 410 429 416 404 413 418 408 412 430 405 400 402 408 407 412 392 440
"MINEJ515" 689 653 675 698 653 659 680 690 702 683 670 691 679 693 685 682 682 684 686 705 690 693 652 647 670 667 680 696 697 692 694 676 657 664 665 705 674 694 672 656 668 677 700 662 686 654 708 673 664 688 681 661 648 674 671 678 667 685 711 659 698 671 666 696 687 677 696 672 667 671 646 674 669 683 671 638 680 649 671 672 689 684 654 669 664 691 691 675 698 658 670 659 651 696 669 670 657 688 693 696
"MINEJ715" 540 562 552 539 561 542 515 535 569 527 542 522 550 551 554 544 560 526 540 539 547 544 537 516 536 551 507 539 562 541 560 560 549 545 520 528 553 531 558 539 533 518 536 531 548 543 537 545 550 563 552 531 576 551 535 536 540 537 537 548 551 568 530 558 537 533 538 539 533 528 532 535 552 551 523 546 540 519 517 507 540 560 546 508 554 533 528 520 550 525 556 537 524 516 543 526 527 541 553 555
"MINEJ915" 491 531 510 548 528 521 541 547 514 512 515 522 543 534 529 516 529 539 505 510 518 533 526 508 527 539 513 538 535 503 513 542 541 526 538 540 515 493 523 545 525 511 514 518 493 530 515 497 526 538 528 528 509 518 526 530 509 537 535 529 521 534 522 504 530 530 518 521 506 544 500 522 528 528 523 504 512 512 527 514 527 520 536 530 530 528 541 527 534 516 507 519 521 518 517 517 532 525 510 515
"MINEK515" 445 407 404 388 418 395 404 397 412 399 395 415 429 412 405 428 409 399 406 405 406 394 396 423 412 399 382 381 398 401 429 406 393 408 378 411 412 403 401 414 408 393 405 411 406 410 410 436 376 417 429 408 402 400 420 394 395 390 411 384 419 430 438 409 391 422 407 409 406 396 432 412 389 391 412 394 421 395 434 405 406 417 402 419 395 384 400 394 395 417 431 405 409 387 400 393 399 399 450 410
"MINEK715" 332 359 322 346 336 343 307 334 340 316 327 325 329 328 325 343 329 331 335 331 335 346 334 347 342 331 297 335 338 338 327 333 333 329 316 337 339 328 334 335 327 350 326 352 332 349 320 337 328 351 343 337 326 337 337 338 321 329 336 319 332 327 334 333 318 329 327 333 327 341 303 317 327 337 333 342 351 334 333 347 347 336 355 330 321 329 318 311 321 326 340 317 331 310 334 355 327 346 344 306
"MINEK915" 435 456 450 473 429 485 431 444 435 478 434 450 438 456 469 465 457 470 438 451 459 457 435 449 440 442 455 425 456 450 437 453 452 461 438 467 442 440 462 456 443 447 459 438 417 457 455 440 445 461 445 434 453 465 466 427 461 437 456 424 439 436 436 432 471 466 447 460 433 466 474 450 448 461 431 453 426 459 453 452 441 469 460 434 472 445 468 436 422 459 425 464 433 471 455 438 454 444 436 448
"MINEP514" 498 496 492 477 501 498 511 496 501 502 499 494 511 503 502 502 506 501 495 501 504 516 497 519 502 504 508 506 513 522 508 504 498 501 504 505 495 508 509 507 500 497 501 485 491 498 518 504 506 497 515 489 495 494 496 491 502 521 508 489 496 500 499 508 512 491 485 504 496 492 517 503 503 513 484 506 505 494 512 502 489 499 479 493 487 506 503 507 513 505 501 501 495 507 515 509 499 505 505 507
"MINEP515" 501 503 492 495 530 470 514 501 519 510 499 503 512 509 497 495 524 495 494 521 505 483 502 517 523 506 515 503 530 501 519 518 509 508 516 516 507 500 486 501 506 500 508 501 508 530 493 526 525 497 507 497 497 508 499 488 519 502 508 495 514 526 513 495 522 527 537 491 473 517 520 481 502 495 497 515 511 522 508 511 532 496 537 519 508 521 528 514 495 511 502 517 506 506 509 487 507 530 497 512
"MINEP714" 475 473 462 461 477 467 452 463 463 458 470 443 471 467 454 459 470 450 450 448 445 437 446 445 454 467 419 451 450 456 460 460 444 444 440 464 445 453 463 425 452 455 461 459 446 481 469 454 442 463 471 453 434 441 452 478 431 458 455 444 458 469 459 449 472 458 448 444 443 451 463 461 468 451 455 453 461 467 437 468 444 449 452 473 481 483 472 454 455 467 435 459 447 440 455 465 456 426 445 440
"MINEP715" 566 575 540 555 595 563 563 572 564 564 537 570 549 542 537 554 575 544 538 547 557 562 583 536 561 566 567 536 555 552 559 552 571 574 526 547 559 555 572 569 560 537 540 534 542 565 519 544 566 549 541 567 578 548 582 542 554 555 554 586 565 566 566 551 568 549 554 534 578 531 556 566 571 555 542 559 589 581 566 589 535 563 569 561 556 550 568 556 551 555 562 547 542 565 569 559 562 547 567 575
"MINEP914" 591 590 624 617 598 579 572 614 572 603 604 602 612 623 588 629 646 608 593 614 601 612 612 612 612 635 616 613 622 611 600 630 598 606 607 590 604 631 619 631 584 597 606 603 590 639 607 613 599 611 605 608 592 607 611 580 603 609 599 603 609 609 604 602 607 594 608 617 637 586 621 613 632 588 587 615 622 629 620 611 604 586 608 625 596 605 631 586 597 595 621 607 623 595 629 618 593 597 603 616
"MINEP915" 516 540 519 512 514 529 534 526 522 516 535 494 538 529 563 548 530 522 526 509 530 522 518 528 522 507 531 500 557 517 511 555 525 525 532 498 520 516 516 526 525 509 537 529 526 527 546 530 549 527 498 531 521 525 519 517 520 542 539 507 528 522 536 547 522 518 497 497 526 532 495 513 533 513 507 548 534 540 533 527 498 552 539 540 528 540 536 544 538 503 532 535 520 509 543 514 528 539 527 514
"MINHF514" 505 490 488 530 493 500 505 494 537 497 524 498 508 494 520 493 503 488 485 492 502 481 492 484 521 503 526 510 494 486 517 498 500 491 510 523 488 484 531 500 505 501 500 488 502 503 509 493 517 478 475 538 528 482 504 505 520 503 528 497 482 498 511 538 498 509 527 499 495 478 499 509 506 485 508 494 530 510 502 511 504 482 517 482 514 495 503 489 508 518 533 496 517 484 502 506 513 506 505 501
"MINHF515" 378 387 382 397 371 384 376 394 383 402 412 368 386 382 383 402 363 385 383 388 359 412 376 380 388 405 376 392 392 393 372 374 382 380 362 376 398 380 372 371 389 424 397 391 395 368 399 412 365 400 361 379 398 368 370 375 386 392 372 408 392 375 382 403 388 379 379 369 375 386 377 405 376 395 393 414 380 387 353 376 375 379 377 354 386 416 380 378 386 397 368 395 376 399 377 370 398 371 353 381
"MINHF714" 364 339 351 343 348 357 368 357 349 345 343 339 354 345 357 352 355 348 343 335 351 367 346 350 327 345 350 347 344 348 362 347 356 341 341 344 341 349 344 322 343 334 376 347 323 343 342 341 327 354 339 341 339 338 344 335 355 347 349 369 343 352 342 370 354 349 334 330 344 361 329 361 350 351 341 349 341 358 337 372 333 328 324 344 352 339 348 345 322 353 371 343 341 325 352 350 346 342 339 323
"MINHF715" 394 386 380 379 386 376 371 357 376 399 388 367 367 381 372 361 382 391 364 398 377 401 368 394 367 371 379 381 354 369 369 368 393 359 357 389 378 381 353 388 352 359 371 376 369 388 379 361 378 374 378 373 371 375 396 370 378 377 372 391 378 371 387 388 389 377 395 357 379 401 382 384 369 397 365 354 402 374 372 366 370 382 374 389 374 375 387 365 367 373 404 376 371 373 376 387 362 391 367 371
"MINHF914" 367 377 372 369 383 388 393 355 369 385 373 347 374 369 371 382 357 347 340 379 377 352 375 338 380 368 363 384 373 366 381 365 382 352 381 367 366 385 370 356 351 393 367 373 380 400 366 358 389 386 372 391 380 368 366 356 378 360 383 379 382 370 379 398 382 376 351 381 377 371 372 357 365 367 366 370 346 358 394 394 359 365 365 376 373 382 374 378 349 386 348 381 369 358 359 371 364 375 376 368
"MINHF915" 437 425 431 426 425 422 419 421 419 426 418 444 426 405 430 420 427 426 425 421 417 458 405 451 452 404 407 414 439 421 438 435 416 429 440 447 421 401 407 421 412 458 452 438 443 438 416 435 431 442 416 415 436 428 409 454 426 424 406 423 421 411 404 443 408 413 424 428 419 452 432 399 433 438 405 405 414 459 445 437 415 430 425 418 455 440 448 385 409 420 416 411 415 409 448 442 422 428 407 418
"MINHJ515" 659 706 683 662 667 689 663 673 679 686 727 659 668 666 691 659 665 684 688 670 679 659 651 676 681 672 680 667 682 677 666 684 638 681 688 626 673 632 691 650 678 673 706 688 660 699 679 704 704 691 690 703 657 668 676 695 668 671 684 671 663 684 664 674 668 701 673 681 653 658 675 671 699 685 682 692 685 685 677 674 642 646 664 686 681 677 689 687 696 689 688 680 682 686 652 658 656 697 675 697
"MINHJ715" 615 594 595 619 629 595 599 572 605 596 606 598 590 588 604 607 571 618 589 584 576 584 607 592 601 604 589 582 594 607 603 614 614 627 608 614 600 590 590 603 605 604 606 598 580 578 599 590 632 603 610 610 594 604 605 612 569 602 624 588 610 581 606 615 620 589 572 598 614 576 613 616 602 585 614 578 599 612 616 559 579 548 592 588 593 597 627 586 576 629 623 601 553 588 564 595 621 602 579 596
"MINHJ915" 441 453 457 445 440 430 442 440 447 454 427 431 429 449 437 446 457 427 451 445 445 440 426 435 443 443 428 468 457 447 441 433 419 466 420 452 435 452 434 434 434 450 445 452 428 436 430 457 443 433 435 428 458 431 452 449 459 436 456 452 459 457 455 441 437 436 452 470 450 444 440 444 449 438 467 449 448 447 423 419 436 445 420 417 433 440 421 429 450 443 440 431 459 448 438 436 441 449 437 442
"MINHK515" 379 362 401 377 370 358 372 385 393 351 382 359 386 381 362 379 348 373 377 379 359 360 372 384 378 378 388 373 364 359 383 390 370 368 363 395 361 366 369 380 394 366 374 393 375 371 355 376 374 370 355 390 379 389 373 368 372 364 374 370 354 391 353 371 364 353 364 372 367 383 391 380 398 376 368 378 349 379 359 374 373 359 372 417 367 382 360 360 378 353 383 388 363 376 372 360 350 370 397 378
"MINHK715" 358 359 343 351 369 356 341 322 340 352 377 333 347 342 355 358 354 361 356 363 352 352 341 348 347 344 351 351 350 365 350 360 360 348 351 357 362 362 365 338 375 361 379 350 338 357 349 354 359 333 356 356 342 342 335 345 360 347 349 329 351 359 338 352 352 350 352 358 349 347 345 368 356 336 342 361 351 351 342 359 329 338 330 327 361 336 338 374 345 346 363 368 337 337 354 353 364 342 345 338
"MINHK915" 397 431 408 406 417 397 401 381 405 416 383 398 407 413 384 403 416 381 392 406 410 393 388 405 402 430 404 397 415 415 406 383 412 403 396 415 380 413 410 389 400 399 419 395 413 414 420 396 395 401 406 423 400 416 400 392 404 424 406 412 407 405 404 400 416 408 403 407 380 408 401 419 415 376 423 406 407 416 401 404 397 407 410 399 413 389 411 419 370 406 383 423 424 405 390 405 390 405 393 400
"MINHP514" 779 820 827 808 797 800 846 792 827 789 799 798 791 792 812 834 841 831 821 795 808 818 790 819 829 817 801 808 811 814 773 800 798 804 823 824 829 809 820 835 808 799 799 792 799 817 785 785 805 807 814 830 807 790 799 805 804 798 813 809 794 788 800 797 809 799 807 805 809 872 806 816 801 803 801 822 763 814 801 807 800 811 806 817 809 805 809 813 804 812 777 822 788 817 800 802 810 822 800 795
"MINHP515" 600 645 593 646 623 652 621 637 624 610 622 610 613 634 624 616 609 629 622 602 614 651 638 612 630 620 634 626 636 607 621 625 640 624 614 633 605 607 642 608 635 631 631 601 621 602 603 599 611 618 639 592 632 612 634 631 600 624 585 618 647 588 624 610 623 594 610 627 603 657 607 608 591 620 612 618 635 599 619 658 634 608 613 622 622 644 628 633 623 622 591 601 618 627 610 612 616 619 628 644
"MINHP714" 568 578 577 564 554 574 587 567 575 580 597 585 574 583 601 612 592 566 582 580 579 555 607 577 573 588 590 580 554 580 582 588 582 597 586 580 605 585 568 593 560 612 590 587 577 568 575 582 591 591 619 562 587 578 582 582 590 622 579 576 596 583 610 568 595 581 585 577 590 588 555 592 618 608 578 583 584 554 555 552 588 567 579 629 585 564 570 576 581 617 565 586 592 585 564 583 615 587 567 584
"MINHP715" 560 549 543 591 562 564 567 541 579 578 568 576 578 585 584 557 586 606 594 603 564 567 549 549 578 578 580 580 558 547 594 564 548 564 574 576 589 581 576 562 572 575 574 576 566 558 583 552 583 585 566 586 553 593 554 558 571 560 583 555 560 606 542 563 581 576 602 572 557 567 540 570 576 590 596 559 585 539 584 587 577 587 552 574 595 566 566 573 563 553 560 586 556 550 599 563 554 553 562 571
"MINHP914" 624 631 625 632 615 631 607 644 627 595 626 618 595 623 644 615 616 615 606 623 594 619 627 629 650 632 620 588 618 620 647 600 615 617 657 629 635 627 623 576 641 607 633 606 608 626 627 610 646 618 597 649 629 628 630 608 644 613 628 632 619 632 598 586 631 620 611 643 599 613 612 583 635 661 628 623 620 624 597 613 633 602 623 624 610 632 599 640 624 626 608 608 632 615 593 613 636 591 628 616
"MINHP915" 513 520 506 530 505 518 519 533 496 524 534 534 526 513 535 507 528 503 519 518 526 518 544 520 530 545 533 535 543 526 509 547 522 527 527 521 520 512 541 544 521 518 513 506 536 520 538 546 541 535 526 538 551 526 559 533 528 536 550 493 534 504 529 539 518 499 510 500 521 553 518 531 534 522 538 530 535 563 513 526 528 542 532 539 518 530 515 522 501 549 556 545 544 534 493 523 533 517 522 508
"MOTBS514" 1204 1202 1233 1211 1197 1212 1205 1190 1199 1215 1208 1195 1185 1212 1216 1174 1194 1215 1195 1207 1250 1177 1209 1207 1219 1185 1187 1198 1188 1214 1216 1178 1214 1197 1196 1213 1187 1194 1215 1189 1180 1188 1176 1229 1211 1208 1223 1169 1200 1219 1212 1250 1196 1189 1233 1184 1217 1191 1198 1218 1215 1223 1186 1243 1177 1232 1172 1204 1198 1214 1190 1223 1234 1177 1237 1197 1231 1236 1198 1210 1216 1213 1199 1193 1173 1228 1216 1210 1202 1225 1202 1202 1218 1182 1232 1185 1207 1171 1179 1231
"MOTBS515" 1109 1111 1085 1118 1128 1107 1098 1102 1119 1126 1105 1118 1115 1097 1115 1105 1127 1101 1102 1122 1124 1105 1108 1101 1095 1095 1127 1085 1098 1131 1110 1099 1102 1133 1134 1104 1128 1104 1162 1121 1083 1132 1104 1094 1078 1123 1131 1109 1118 1110 1101 1114 1145 1106 1112 1142 1093 1124 1056 1081 1068 1111 1096 1132 1142 1093 1127 1099 1095 1124 1086 1135 1105 1114 1097 1124 1057 1071 1121 1077 1096 1126 1129 1109 1135 1101 1118 1120 1108 1123 1123 1110 1081 1088 1101 1110 1117 1121 1135 1096
"MOTBS714" 1098 1087 1131 1149 1091 1139 1122 1075 1115 1100 1097 1096 1101 1096 1100 1106 1094 1121 1093 1071 1115 1099 1094 1087 1113 1121 1100 1067 1097 1074 1103 1115 1111 1098 1071 1120 1123 1110 1085 1093 1115 1103 1111 1093 1104 1124 1150 1122 1084 1094 1089 1131 1098 1114 1099 1090 1129 1136 1130 1110 1107 1118 1118 1094 1142 1099 1119 1124 1116 1111 1125 1078 1080 1080 1084 1099 1112 1136 1090 1122 1068 1105 1106 1089 1110 1117 1106 1117 1108 1126 1107 1111 1095 1068 1105 1118 1101 1153 1091 1094
"MOTBS715" 1155 1160 1155 1176 1131 1141 1160 1139 1161 1153 1144 1150 1146 1126 1167 1138 1142 1167 1147 1124 1117 1124 1124 1144 1156 1154 1167 1137 1167 1149 1126 1156 1151 1148 1152 1166 1157 1163 1153 1150 1159 1152 1140 1157 1155 1195 1161 1146 1172 1138 1133 1152 1136 1167 1143 1161 1133 1164 1139 1145 1136 1192 1178 1133 1144 1172 1168 1150 1136 1143 1178 1162 1145 1126 1184 1184 1194 1166 1185 1128 1166 1157 1145 1179 1174 1150 1157 1144 1198 1142 1188 1161 1187 1151 1144 1130 1150 1151 1152 1119
"MOTBS914" 1088 1089 1109 1092 1107 1096 1121 1112 1069 1087 1089 1120 1090 1084 1108 1113 1136 1071 1081 1134 1098 1086 1129 1099 1112 1102 1093 1108 1097 1109 1096 1121 1069 1085 1074 1076 1096 1127 1093 1105 1086 1133 1118 1114 1087 1096 1116 1116 1086 1110 1128 1109 1089 1085 1114 1094 1122 1120 1077 1118 1131 1088 1129 1089 1099 1109 1111 1131 1091 1123 1120 1110 1102 1100 1084 1084 1090 1105 1136 1118 1091 1105 1143 1118 1112 1104 1101 1114 1090 1080 1119 1107 1135 1081 1092 1096 1129 1078 1077 1080
"MOTBS915" 1178 1196 1191 1181 1177 1168 1215 1212 1228 1188 1179 1167 1208 1210 1208 1211 1211 1191 1200 1198 1176 1194 1194 1198 1218 1170 1206 1192 1215 1193 1211 1231 1214 1230 1213 1192 1175 1205 1176 1224 1182 1204 1244 1218 1180 1212 1182 1212 1169 1213 1200 1191 1214 1196 1187 1216 1185 1180 1221 1196 1190 1203 1166 1149 1175 1210 1177 1200 1199 1173 1177 1174 1192 1212 1221 1212 1216 1191 1197 1239 1201 1187 1176 1166 1209 1189 1184 1189 1219 1196 1193 1199 1220 1185 1224 1150 1163 1189 1185 1225
"MOTEF514" 324 336 335 287 318 317 316 313 341 326 305 306 337 332 346 332 313 308 312 308 318 332 314 305 315 317 321 322 319 319 302 319 305 291 327 320 323 299 307 303 312 311 305 285 326 293 303 325 317 315 304 316 333 344 320 307 318 318 323 310 307 317 309 316 304 339 314 302 306 307 317 298 315 311 308 313 307 312 309 309 306 308 319 308 309 316 305 319 296 305 347 317 316 305 324 309 297 315 323 321
"MOTEF515" 240 209 237 236 214 223 223 222 232 220 232 217 222 231 230 228 210 224 223 224 219 232 217 242 227 217 215 239 221 209 246 224 239 229 233 220 229 220 225 234 243 231 234 227 241 223 222 232 215 219 222 230 228 237 226 222 231 236 217 212 230 238 222 223 238 231 241 237 242 220 227 217 250 243 233 225 218 228 238 232 226 226 238 231 242 240 236 241 219 235 234 229 238 235 223 226 234 219 230 224
"MOTEF714" 263 246 266 254 267 261 267 264 260 244 253 258 262 251 256 253 258 244 261 265 261 243 251 258 261 251 250 252 269 266 258 275 257 247 247 266 249 262 249 266 252 247 273 248 256 257 255 261 270 264 273 273 261 264 251 256 259 262 260 259 254 253 268 260 257 253 267 258 257 250 264 259 265 272 249 250 257 271 263 240 253 265 252 278 255 257 265 240 251 275 265 260 253 263 250 255 258 272 262 253
"MOTEF715" 247 230 216 205 229 231 233 227 233 241 229 233 218 225 211 230 239 230 227 218 235 220 219 223 225 239 232 238 228 223 222 223 210 221 215 230 206 222 227 221 213 219 223 230 232 228 236 243 219 232 224 231 232 222 220 225 230 224 223 222 233 236 225 224 238 225 216 228 229 213 240 228 233 234 225 238 237 226 240 223 233 225 229 229 216 228 224 229 243 234 233 216 220 235 242 221 235 224 221 232
"MOTEF914" 284 301 310 295 289 286 297 293 306 292 301 308 311 303 290 297 300 297 301 293 288 292 290 296 290 299 312 294 279 289 292 319 305 282 291 288 296 320 284 295 299 309 302 293 300 295 284 284 294 299 291 302 290 299 296 321 301 306 298 299 311 308 287 293 311 287 281 287 306 307 288 295 307 301 292 298 302 293 287 298 299 300 302 292 296 287 304 295 295 295 294 288 295 289 304 303 301 311 302 272
"MOTEF915" 295 312 323 298 304 323 315 316 316 299 308 306 304 311 316 320 321 322 312 320 309 310 318 315 322 310 302 309 330 298 312 302 306 307 314 293 318 306 301 311 318 319 318 308 328 324 310 331 297 315 296 321 313 312 327 329 316 311 308 325 310 322 300 304 295 315 305 302 310 312 312 312 298 310 297 325 302 300 325 330 301 312 317 301 322 301 307 299 306 318 325 326 326 308 316 311 312 301 307 312
"MOTEJ515" 409 418 415 390 429 372 399 411 389 405 415 405 400 413 400 405 385 396 407 382 416 395 402 415 414 403 400 398 407 372 393 405 390 375 409 397 395 373 404 406 389 388 403 389 399 408 409 392 397 398 406 386 398 388 400 392 397 422 418 406 397 409 408 400 391 390 404 397 399 403 421 407 397 407 386 413 383 398 409 412 415 409 392 390 398 388 391 404 405 401 413 408 407 425 413 402 405 418 403 391
"MOTEJ715" 275 280 280 290 282 293 281 275 266 257 275 274 260 294 275 282 269 286 288 273 268 289 279 279 270 261 293 287 276 281 273 267 282 273 276 277 279 259 273 273 264 288 273 277 282 282 282 270 296 261 281 292 270 272 279 262 289 270 279 282 271 280 281 285 270 271 271 270 260 292 279 281 288 282 286 273 277 266 277 282 272 299 277 256 287 292 269 277 286 264 283 265 271 252 274 278 282 287 274 268
"MOTEJ915" 345 351 348 354 366 356 358 356 341 335 361 324 368 348 357 355 346 363 358 370 353 358 339 356 357 350 360 348 355 369 381 355 364 353 351 347 333 355 396 350 357 329 365 334 349 339 351 373 359 352 341 338 332 341 339 352 360 348 342 346 358 326 361 353 347 361 348 357 360 351 350 354 347 365 346 355 358 339 370 346 348 361 325 337 336 347 352 331 340 350 354 335 345 363 368 356 338 344 346 348
"MOTEK515" 237 233 223 229 228 220 228 225 223 234 234 215 225 239 234 221 231 237 224 234 226 221 216 223 224 229 223 223 224 215 225 221 229 234 228 209 227 228 219 228 216 235 229 237 214 227 215 214 229 225 222 217 237 239 221 225 231 223 220 226 236 227 229 242 230 219 223 219 230 225 229 236 207 226 223 223 222 234 227 234 226 233 219 223 220 234 234 208 228 221 230 215 240 219 235 216 239 228 222 216
"MOTEK715" 184 192 194 202 209 200 203 204 196 193 190 200 195 203 201 199 210 202 198 207 198 204 196 201 209 202 190 185 197 199 190 201 190 190 199 201 197 210 206 194 196 197 188 195 196 200 198 198 183 209 193 191 200 177 194 204 201 190 188 186 200 198 186 196 198 197 206 181 197 205 186 206 189 195 193 194 190 198 184 207 201 201 194 190 202 192 198 189 187 204 191 189 200 192 189 188 195 190 198 197
"MOTEK915" 292 303 299 308 291 314 301 313 306 291 289 310 306 304 310 305 300 307 308 307 315 314 296 308 313 291 295 316 319 290 300 316 283 321 287 302 303 304 310 322 291 299 300 305 306 297 299 326 291 324 308 308 309 307 313 305 312 312 308 320 302 278 298 319 297 306 297 313 308 286 299 317 315 309 292 301 320 301 318 302 290 307 300 292 300 298 318 283 315 301 321 300 299 303 305 306 299 314 309 293
"MOTEP514" 539 559 561 537 545 535 490 529 550 550 534 546 513 568 540 548 553 488 538 519 536 541 526 514 549 569 524 525 535 523 529 528 523 537 524 533 534 548 523 553 544 507 542 520 518 519 565 521 532 505 526 527 546 533 515 531 551 552 548 528 527 557 529 527 532 534 582 549 526 526 528 571 523 572 567 524 545 534 536 538 568 513 526 524 533 529 534 538 545 540 541 540 536 535 529 533 526 511 536 514
"MOTEP515" 374 389 386 393 396 398 385 390 385 404 372 382 395 395 393 349 378 389 380 385 374 376 397 383 383 367 391 384 372 394 378 391 391 389 384 393 380 383 395 388 405 388 385 404 382 370 378 377 373 369 406 405 399 400 395 398 404 390 362 383 371 385 387 391 368 387 390 370 362 377 378 379 384 381 386 394 379 381 401 385 382 389 378 372 376 388 374 387 381 379 371 350 380 381 383 375 370 401 394 372
"MOTEP714" 356 352 364 353 356 371 365 371 364 365 350 337 369 376 349 365 364 370 355 371 356 378 361 373 371 348 354 358 351 355 358 346 354 352 346 358 362 349 359 358 346 355 357 354 351 342 355 341 353 348 358 340 358 358 369 349 367 343 370 354 380 370 339 348 361 358 344 356 371 362 363 347 350 382 367 372 372 347 357 352 346 357 368 356 381 366 374 347 353 353 366 354 362 341 341 359 353 380 348 361
"MOTEP715" 305 302 300 305 330 318 317 311 320 311 315 343 327 317 310 314 307 309 320 309 312 319 323 315 319 322 316 323 321 315 321 318 314 323 315 303 306 334 323 314 334 332 313 308 313 320 321 329 320 317 313 310 323 312 317 328 299 310 321 323 305 308 300 323 331 331 312 328 327 312 326 315 312 313 321 312 322 326 319 324 313 321 311 336 326 321 331 315 321 312 303 308 310 321 320 314 320 314 303 308
"MOTEP914" 358 367 387 365 376 384 386 370 357 376 360 384 384 377 370 380 377 368 369 366 398 375 374 360 370 365 377 382 353 370 368 359 380 366 368 369 361 366 398 379 401 353 375 363 364 350 379 376 360 367 370 395 381 365 382 383 367 370 370 381 376 383 357 375 373 368 377 351 373 376 373 380 372 352 375 355 364 359 368 382 349 378 372 363 373 373 374 356 375 361 378 365 393 363 371 378 372 383 372 372
"MOTEP915" 406 387 376 376 394 389 381 368 396 403 378 386 390 378 383 368 397 370 385 385 377 398 373 383 383 360 390 389 391 389 382 385 385 395 405 396 402 379 395 384 384 386 393 365 391 368 379 396 394 401 393 381 402 376 386 368 373 380 408 389 390 404 374 390 409 394 380 357 380 390 387 386 376 385 377 378 389 380 361 360 389 388 393 384 377 371 376 394 388 380 383 398 393 378 377 381 374 366 361 387
"MOTHF514" 294 290 317 296 282 301 288 288 295 283 270 278 289 263 286 298 278 275 298 288 274 301 296 277 296 280 288 276 281 299 283 295 305 306 300 272 307 288 281 313 279 283 278 309 292 283 275 311 292 300 285 276 293 278 289 288 291 311 294 306 295 286 301 289 293 291 305 283 283 294 298 287 290 280 286 295 297 284 296 297 290 297 286 296 294 285 304 292 295 272 289 294 279 294 290 301 281 291 296 307
"MOTHF515" 243 240 237 229 235 235 241 237 237 228 231 234 226 228 241 250 235 229 228 228 239 241 242 245 216 235 228 231 232 215 235 224 226 243 230 235 244 238 225 225 233 226 246 227 234 228 232 222 243 230 231 239 232 225 229 240 239 232 229 236 226 232 232 225 240 213 223 247 237 252 243 235 240 234 240 245 241 231 213 227 225 235 238 239 216 242 244 225 219 237 243 238 231 217 230 227 229 226 235 226
"MOTHF714" 309 283 267 281 283 292 298 280 285 295 298 280 278 268 265 277 285 286 305 273 272 273 293 295 276 282 279 289 286 282 274 271 294 287 279 284 298 268 300 281 271 286 280 273 283 281 291 289 284 293 291 274 288 289 278 288 283 280 294 290 280 272 298 281 284 272 265 281 284 282 289 278 284 286 279 284 298 286 277 283 288 278 281 305 286 294 280 296 293 290 288 280 276 279 274 274 291 282 287 276
"MOTHF715" 265 281 260 264 262 253 255 269 275 265 259 286 266 264 272 273 275 259 265 264 250 267 276 252 252 260 258 257 266 259 266 272 268 277 264 276 263 283 248 285 273 274 256 282 290 278 266 268 258 272 242 268 267 257 290 264 267 266 257 266 267 264 265 284 286 275 254 273 255 262 252 261 278 259 268 275 263 249 278 266 273 258 259 265 266 262 256 260 280 262 256 272 247 257 284 289 274 277 272 258
"MOTHF914" 290 275 286 292 284 284 276 251 299 282 291 277 300 295 289 279 290 280 287 289 289 287 300 284 301 276 292 299 274 289 296 296 286 284 286 301 285 278 282 285 286 290 276 280 290 294 277 278 306 290 265 269 279 298 300 299 292 278 280 279 301 286 285 297 280 293 293 283 276 286 280 277 277 290 279 286 284 297 285 284 298 271 281 279 286 278 275 301 282 286 293 293 285 287 283 290 289 290 284 276
"MOTHF915" 272 283 285 294 297 282 284 265 294 311 290 278 284 279 287 284 296 273 281 276 281 269 295 293 275 284 294 279 275 286 290 273 286 270 283 286 259 278 280 283 285 274 260 282 268 289 272 294 293 264 284 260 297 286 278 277 295 277 283 285 281 292 285 282 288 275 277 279 292 282 293 274 263 286 287 288 294 281 275 288 283 264 275 302 288 281 291 267 284 289 277 267 281 283 298 286 295 290 288 286
"MOTHJ515" 505 508 489 491 504 512 511 511 502 514 502 518 484 518 502 508 508 501 511 502 509 529 505 478 504 522 525 518 501 535 500 515 523 499 495 509 507 505 504 525 500 497 495 496 504 528 507 496 510 515 491 492 505 498 523 508 526 503 488 501 507 523 491 511 512 523 511 510 524 504 518 507 532 511 506 520 498 514 512 512 509 502 517 518 496 510 513 509 510 492 511 488 512 507 510 495 482 532 521 513
"MOTHJ915" 320 344 307 328 330 329 331 325 345 325 319 321 321 317 346 347 332 345 337 332 316 335 333 335 339 330 323 316 336 326 323 339 328 320 333 335 325 345 327 323 331 335 322 323 326 331 347 329 326 325 322 335 339 328 313 318 326 334 336 331 330 322 326 334 340 313 339 313 324 340 308 331 320 327 340 327 341 332 327 327 343 324 343 328 331 339 322 332 327 336 303 327 323 333 333 337 322 337 305 326
"MOTHK515" 219 248 253 238 227 229 231 232 248 245 241 239 238 248 249 231 229 228 256 241 239 229 230 253 232 229 228 234 218 230 252 236 229 243 243 250 227 238 233 227 234 217 224 245 244 243 243 241 237 222 229 245 234 235 228 224 237 248 234 236 240 227 235 229 244 245 237 220 238 250 228 249 241 246 238 231 244 226 231 240 244 232 238 232 222 232 254 236 228 240 219 235 247 232 231 244 237 247 240 230
"MOTHK715" 287 285 283 286 275 291 293 269 272 275 273 281 282 278 289 261 290 277 285 269 287 277 267 275 280 287 291 279 273 272 275 273 274 275 273 271 282 268 275 276 275 280 264 282 278 278 276 279 262 289 269 278 284 278 280 269 294 283 264 277 282 274 278 278 278 261 268 269 295 289 295 275 283 274 277 265 281 274 278 276 280 275 271 285 300 278 266 260 283 281 284 263 270 285 286 278 282 287 273 294
"MOTHK915" 288 293 309 280 280 296 292 277 292 283 275 300 270 288 284 294 279 285 283 288 284 289 296 288 274 290 285 288 284 285 287 273 296 296 294 288 280 279 283 294 290 278 288 295 285 316 283 282 287 285 289 301 290 299 288 282 276 292 273 280 283 286 277 281 282 281 301 290 272 276 278 288 280 293 285 290 292 284 283 288 302 275 290 291 291 288 290 284 285 286 277 298 287 280 289 276 289 291 296 287
"MOTHP514" 645 636 625 648 636 657 657 637 648 642 624 638 662 650 636 625 662 631 633 605 679 641 629 659 635 602 625 621 606 650 649 662 651 620 667 648 655 639 639 663 661 631 647 634 641 652 634 627 642 643 681 677 630 672 605 657 639 648 617 626 667 636 627 637 641 638 652 661 663 655 633 657 609 613 674 628 621 635 612 658 632 627 647 646 677 634 646 663 634 634 637 631 656 671 603 641 633 637 655 646
"MOTHP515" 435 414 418 420 424 429 443 430 407 427 448 450 438 417 426 405 431 413 424 441 456 419 438 419 446 441 451 424 432 427 429 423 434 434 401 437 419 427 466 432 430 420 402 420 421 428 444 437 431 424 459 452 410 441 438 421 435 446 424 430 412 412 419 411 439 439 440 430 443 413 422 423 424 420 424 420 422 446 447 439 436 434 428 421 424 441 416 443 439 432 427 425 419 438 421 441 436 434 398 432
"MOTHP714" 399 410 389 416 388 398 399 381 390 397 369 401 394 386 391 382 387 392 394 377 415 410 396 413 404 381 408 388 396 398 395 386 408 401 394 401 388 398 396 411 377 387 395 413 385 393 388 387 409 371 397 382 385 399 391 382 401 396 408 392 387 404 384 370 373 391 376 398 393 414 392 392 398 382 409 381 394 396 418 395 398 384 410 396 409 390 393 398 388 386 390 397 375 381 402 398 401 389 418 376
"MOTHP715" 448 441 463 470 435 436 446 439 462 442 456 457 443 459 450 441 461 440 456 443 456 460 444 468 455 438 450 462 450 451 458 418 453 463 462 453 443 452 457 448 461 434 442 461 446 454 459 436 442 454 436 447 444 465 451 464 445 436 460 448 458 457 444 453 446 471 449 456 436 450 457 446 444 449 449 462 451 458 439 470 461 457 439 443 453 446 457 454 431 451 456 471 442 451 458 448 465 428 454 431
"MOTHP914" 379 423 391 406 399 410 399 393 393 410 405 385 399 405 379 408 411 397 407 411 375 408 397 403 388 406 414 403 404 395 403 399 397 399 400 397 378 377 411 412 400 408 392 397 406 408 408 401 412 407 412 405 394 389 433 391 405 407 392 412 397 408 404 410 404 398 414 415 413 397 398 410 391 378 383 406 403 411 394 399 399 392 385 388 394 388 409 396 392 400 411 427 399 411 402 395 388 401 421 390
"MOTHP915" 325 347 320 353 338 334 349 316 357 332 324 323 334 340 332 354 344 327 331 338 321 330 368 308 321 330 338 307 320 349 332 340 339 326 339 327 330 335 349 336 328 322 353 344 327 318 333 336 335 334 333 344 342 353 337 363 335 314 319 338 352 346 341 332 331 318 319 333 333 329 336 332 350 322 339 313 353 349 360 319 338 333 329 344 317 328 317 337 362 333 341 330 326 325 315 344 353 330 357 335
