"V1" "V2" "V3" "V4" "V5" "V6" "V7" "V8" "V9" "V10" "V11" "V12" "V13" "V14" "V15" "V16" "V17" "V18" "V19" "V20" "V21" "V22" "V23" "V24" "V25" "V26" "V27" "V28" "V29" "V30" "V31" "V32" "V33" "V34" "V35" "V36" "V37" "V38" "V39" "V40" "V41" "V42" "V43" "V44" "V45" "V46" "V47" "V48" "V49" "V50" "V51" "V52" "V53" "V54" "V55" "V56" "V57" "V58" "V59" "V60" "V61" "V62" "V63" "V64" "V65" "V66" "V67" "V68" "V69" "V70" "V71" "V72" "V73" "V74" "V75" "V76" "V77" "V78" "V79" "V80" "V81" "V82" "V83" "V84" "V85" "V86" "V87" "V88" "V89" "V90" "V91" "V92" "V93" "V94" "V95" "V96" "V97" "V98" "V99" "V100"
"MBREF515" 183 166 179 168 172 173 185 183 171 183 163 171 162 187 168 169 190 171 176 178 173 159 158 176 168 163 168 175 169 160 171 180 179 162 180 174 163 165 172 180 167 175 169 174 167 172 180 178 175 162 184 175 177 182 165 173 164 172 181 184 176 179 185 156 169 168 151 169 183 170 188 168 173 176 162 179 170 176 180 188 181 169 166 172 171 174 177 172 180 175 167 171 182 164 163 179 163 161 180 182
"MBREF714" 227 214 218 212 212 221 232 230 228 216 214 222 208 209 221 217 210 218 223 220 215 221 219 204 207 212 220 210 201 216 210 218 238 228 219 218 212 231 199 216 215 225 224 219 226 229 217 215 229 222 226 228 205 228 233 213 211 218 217 214 218 209 227 219 212 236 200 232 222 221 211 209 217 212 213 204 218 214 217 220 210 207 201 221 224 224 217 219 209 208 210 215 212 212 203 222 210 224 217 232
"MBREF715" 199 206 184 197 193 198 199 192 199 199 193 210 201 202 187 196 194 209 189 196 200 196 206 202 195 215 210 206 200 186 184 189 211 190 187 206 184 193 192 204 186 199 186 191 197 193 223 202 179 203 203 196 195 204 189 190 204 186 202 183 195 196 197 202 196 185 203 202 205 198 206 209 204 191 191 202 172 209 211 191 201 206 200 205 212 195 187 199 208 191 198 206 180 199 199 187 203 198 206 202
"MBREF914" 240 250 246 274 260 273 252 265 265 259 263 252 272 253 251 279 253 271 252 269 248 265 250 252 263 246 248 253 251 251 255 254 244 257 254 261 257 254 269 249 239 243 260 252 270 254 270 269 269 261 268 258 259 253 258 246 234 253 265 251 269 265 264 254 253 257 264 270 248 267 262 251 254 255 257 254 251 251 263 259 264 233 265 259 278 267 251 250 265 252 254 246 252 264 247 264 252 257 256 265
"MBREF915" 257 280 279 269 276 273 271 265 274 266 265 271 271 262 272 268 252 271 271 257 264 257 269 264 267 276 274 247 258 265 270 267 262 263 282 264 285 260 274 269 265 271 270 272 263 277 267 270 264 274 272 275 272 261 274 265 271 269 265 259 278 282 278 262 280 271 255 279 276 264 253 264 265 270 266 283 284 289 272 268 268 267 271 266 277 286 262 263 268 268 270 279 282 270 277 252 292 262 253 285
"MBREJ515" 571 593 560 572 585 569 533 554 563 546 571 580 553 570 560 568 574 564 550 575 574 577 562 579 567 551 591 551 571 567 559 550 566 565 555 569 588 564 563 569 540 548 558 567 557 552 564 580 585 548 582 562 585 560 565 586 563 567 575 571 554 575 565 553 576 572 579 559 572 559 576 558 566 553 581 561 598 569 547 560 576 575 584 566 571 577 579 564 572 584 561 550 570 582 564 562 561 557 551 564
"MBREJ715" 382 372 351 361 362 373 363 382 381 365 363 369 369 370 377 374 351 376 378 362 371 367 367 377 376 379 377 370 381 364 366 379 370 366 385 359 367 362 382 364 364 367 374 359 361 349 377 376 371 357 367 365 347 369 375 356 364 352 366 362 378 375 378 364 359 355 371 369 364 377 389 359 363 370 365 357 366 368 384 376 370 358 370 378 359 358 376 374 362 367 369 376 353 348 368 363 358 375 350 374
"MBREJ915" 274 274 268 279 306 286 291 288 275 280 278 280 297 291 293 307 288 294 289 288 281 273 274 292 274 293 284 269 278 283 283 283 275 293 290 285 288 287 280 266 283 295 267 280 292 284 288 272 275 295 286 280 282 278 282 269 280 284 306 282 280 276 281 281 292 288 287 298 277 279 288 275 289 273 283 281 294 273 292 266 291 278 281 299 288 269 289 280 276 287 291 287 271 299 296 274 267 280 282 288
"MBREK515" 177 184 176 168 166 200 185 195 190 182 184 190 183 190 174 179 195 181 188 179 175 179 194 169 184 176 180 186 183 178 184 173 190 180 178 173 184 186 176 175 176 175 184 185 194 177 178 182 175 177 177 174 175 187 169 186 186 176 173 185 178 182 170 174 177 178 186 171 174 183 181 182 182 178 170 187 172 191 178 189 183 196 190 184 180 164 173 184 184 185 174 164 177 174 172 191 192 181 196 192
"MBREK715" 178 173 166 174 175 169 183 179 163 175 171 172 180 171 172 169 165 179 174 178 180 172 179 174 179 181 180 184 166 164 181 176 173 166 171 165 182 171 187 178 172 173 179 164 177 177 181 184 169 186 192 179 175 167 171 178 177 175 172 179 169 168 173 164 184 182 176 182 168 181 182 187 181 176 171 175 174 171 177 188 170 167 172 192 172 172 178 166 175 178 192 177 180 185 183 182 175 177 175 176
"MBREK915" 250 254 242 250 263 238 253 236 256 245 235 254 247 240 238 251 236 234 242 245 248 241 238 238 240 249 250 241 229 255 252 253 237 253 241 250 249 245 230 242 249 237 252 242 227 235 242 243 248 254 264 238 245 245 237 262 228 242 249 245 243 250 242 233 241 240 256 242 241 242 246 225 235 264 235 261 257 236 238 240 253 242 244 249 245 240 240 245 238 258 242 243 251 239 243 249 233 248 252 236
"MBREP515" 454 453 462 454 451 453 482 460 431 460 453 470 471 478 459 464 462 458 473 457 463 467 450 471 470 437 448 458 452 461 453 451 447 477 459 452 448 461 440 468 485 457 464 475 452 459 479 462 443 447 459 471 460 459 473 442 445 445 463 455 473 456 440 472 445 442 462 441 471 463 453 461 448 468 469 471 454 457 458 448 446 468 472 442 477 443 457 440 470 465 449 458 464 465 471 467 468 460 450 486
"MBREP714" 363 373 371 354 355 372 359 362 347 356 357 328 349 373 359 354 351 359 365 376 378 361 343 363 371 367 355 373 366 353 346 355 353 361 355 356 357 361 364 360 364 363 379 381 375 347 357 363 367 362 352 354 343 367 353 365 371 352 366 367 373 368 352 349 366 361 381 335 349 371 348 356 360 357 350 358 369 358 373 351 376 350 355 355 364 353 362 357 358 372 375 365 347 360 354 374 352 356 354 360
"MBREP715" 412 409 384 386 396 393 399 392 413 384 400 393 387 388 395 402 385 396 407 382 394 363 383 393 381 391 420 404 397 420 398 372 395 390 393 388 377 394 394 397 389 370 387 404 382 392 378 393 396 403 387 382 404 397 385 408 391 402 386 381 396 380 379 391 393 370 388 386 404 388 374 380 391 388 423 393 399 395 385 395 402 396 374 391 389 380 396 407 394 391 391 392 409 402 397 384 392 418 397 388
"MBREP914" 362 351 349 372 352 366 346 359 370 368 374 346 371 352 365 353 340 373 357 347 355 356 368 365 337 363 342 365 360 365 365 365 359 354 350 357 345 351 356 345 354 369 351 368 353 354 354 357 342 358 361 355 362 359 348 373 359 359 373 356 352 363 368 349 369 366 336 360 345 355 384 365 356 352 358 352 347 355 338 351 353 364 361 357 353 365 358 361 348 359 362 362 352 349 358 347 357 356 359 353
"MBREP915" 384 385 389 397 387 393 395 377 381 382 385 381 393 372 391 382 366 382 373 396 379 386 375 388 373 402 374 377 380 396 392 392 382 382 361 353 393 375 400 398 379 381 380 391 369 375 377 385 372 382 396 396 401 388 395 385 390 372 369 386 387 375 390 378 380 390 406 366 396 348 399 384 388 367 364 397 370 400 380 409 356 398 389 390 368 365 382 391 390 410 396 378 371 386 385 375 402 392 388 393
"MDPEF514" 245 253 240 248 243 250 235 259 252 238 241 225 232 241 254 261 228 227 239 255 243 226 254 242 256 254 253 255 246 255 234 233 244 250 241 242 244 225 233 252 252 246 239 236 237 238 254 252 235 252 249 251 237 243 235 264 241 255 225 226 275 236 245 239 241 239 246 253 234 244 257 238 239 240 253 235 234 253 245 234 242 237 243 237 230 231 239 240 252 232 240 229 252 255 235 229 256 258 239 243
"MDPEF515" 172 169 172 175 200 167 168 180 191 183 179 183 180 176 166 188 158 179 186 179 185 189 169 171 178 182 193 182 168 177 168 176 188 173 180 179 167 167 174 181 185 173 194 172 173 179 180 181 179 171 180 180 167 178 190 178 185 186 177 164 168 187 186 179 172 169 175 177 183 179 167 181 171 180 174 170 184 185 184 183 180 167 172 171 178 186 179 175 186 165 188 178 183 189 190 182 167 188 176 177
"MDPEF714" 268 272 283 265 288 278 262 261 258 282 272 263 269 260 265 264 247 266 262 269 272 292 263 268 261 276 268 281 281 260 278 256 262 273 287 265 266 256 262 283 285 251 273 274 263 264 266 267 256 260 265 257 275 254 276 267 263 269 257 265 276 256 254 260 265 254 273 270 271 270 275 264 259 279 259 262 253 266 277 264 268 264 264 262 275 254 254 273 264 254 276 266 268 258 271 278 278 254 265 270
"MDPEF715" 229 207 214 214 218 217 216 205 219 212 213 226 225 215 219 227 216 211 220 219 217 218 220 216 215 217 229 214 210 221 220 223 214 213 218 218 211 217 235 236 217 216 210 226 211 211 225 229 221 224 219 214 220 214 226 233 227 217 209 214 217 213 224 224 208 215 212 219 215 211 211 213 237 205 215 231 223 218 212 221 216 225 229 215 220 215 226 214 224 217 217 231 212 229 215 216 221 231 213 219
"MDPEF914" 242 247 241 254 236 258 246 265 243 263 254 244 246 251 238 249 255 240 243 252 242 250 241 238 236 255 240 247 255 245 255 258 241 231 260 255 244 246 258 242 238 248 249 235 237 249 259 234 253 243 239 259 251 260 238 257 250 253 258 268 264 247 243 256 248 237 237 249 232 246 241 270 247 243 254 257 243 263 243 257 249 262 261 250 256 263 268 269 244 257 268 253 252 263 254 255 267 256 252 247
"MDPEF915" 266 270 261 282 269 270 279 275 277 272 282 261 278 265 279 273 272 266 267 273 297 274 271 263 272 279 280 255 274 275 281 270 272 265 259 261 263 284 280 272 268 261 269 270 277 269 270 266 276 262 267 271 265 259 288 279 279 283 298 266 292 263 270 262 266 277 265 271 284 277 292 270 270 279 244 275 281 271 275 270 266 279 275 265 282 290 271 261 272 273 271 272 261 260 256 298 267 290 268 291
"MDPEJ515" 348 340 334 348 342 341 332 336 342 358 345 349 335 343 363 342 354 327 354 328 343 353 335 348 333 333 362 332 345 349 330 327 362 333 336 339 334 356 323 329 343 335 347 341 340 357 343 365 335 335 343 350 349 345 332 328 345 331 345 336 358 332 359 333 354 349 324 343 354 349 345 337 340 341 346 344 346 349 327 337 347 346 332 344 327 340 374 352 343 352 346 326 343 343 351 348 364 362 350 324
"MDPEJ715" 307 310 296 308 300 311 290 311 298 301 299 305 290 306 324 297 279 305 287 305 299 303 305 315 305 310 288 305 314 292 306 312 291 306 330 306 296 323 289 316 304 288 293 307 307 314 298 303 309 296 301 292 300 318 309 292 303 308 303 302 291 302 299 294 302 294 290 304 276 298 286 286 311 305 294 296 299 289 310 313 300 314 312 298 304 290 314 295 313 292 312 309 316 304 290 312 309 295 297 293
"MDPEJ915" 304 306 297 297 303 290 319 299 307 301 293 302 300 303 303 313 291 307 334 317 318 303 307 307 311 319 308 306 311 301 336 291 292 311 287 313 309 297 299 316 302 295 310 312 291 303 326 294 300 292 302 298 308 305 294 308 301 310 299 294 292 302 321 310 293 288 326 310 298 308 296 280 317 317 297 300 295 328 319 316 289 293 317 292 306 306 308 302 306 299 293 294 307 312 314 315 314 299 305 283
"MDPEK515" 179 190 194 186 183 184 180 195 181 197 178 199 200 185 172 197 190 189 175 192 193 190 188 186 184 197 189 201 185 177 197 194 189 201 196 179 195 186 194 190 197 189 184 194 185 184 187 190 193 183 193 178 182 199 207 190 179 197 182 186 192 183 188 193 189 183 187 191 190 195 192 202 188 188 190 182 188 190 202 185 189 179 199 189 190 189 198 176 187 193 188 192 182 187 187 190 191 180 193 185
"MDPEK715" 205 207 209 204 210 213 206 213 216 204 206 186 202 203 206 209 220 206 233 230 213 209 215 200 215 212 201 206 195 228 205 215 202 201 223 212 209 212 204 213 200 203 212 214 211 209 198 195 220 201 215 209 211 242 203 212 203 204 212 209 213 214 199 219 217 211 223 208 208 208 219 204 201 208 214 199 212 202 214 216 214 199 192 189 205 202 215 193 207 205 213 198 215 215 209 208 208 186 213 213
"MDPEK915" 256 269 257 270 255 264 248 264 247 272 256 248 274 269 272 279 262 263 256 255 270 258 259 254 254 268 258 260 259 273 265 264 258 275 263 267 261 274 260 271 265 252 266 263 256 256 251 259 258 268 255 268 260 251 250 252 261 254 254 264 262 251 263 266 260 263 262 247 255 266 260 265 246 258 271 265 282 260 258 261 264 256 261 270 270 260 266 269 254 264 263 268 246 262 267 264 256 268 280 256
"MDPEP514" 442 460 426 422 436 416 409 428 442 431 436 443 417 434 446 420 440 451 418 418 417 426 425 402 419 404 412 420 424 421 426 423 424 434 430 413 427 424 421 436 422 424 454 403 429 418 446 430 427 427 399 423 410 424 464 417 426 431 427 428 429 427 423 430 436 427 444 436 434 435 407 428 418 425 440 429 426 427 428 445 424 427 437 429 426 412 417 428 429 437 431 421 412 427 441 439 440 434 421 430
"MDPEP515" 366 377 365 369 378 383 370 373 369 366 392 365 343 355 363 366 353 379 362 372 373 361 388 358 378 359 369 377 380 383 367 385 360 376 350 370 362 371 366 362 370 361 351 375 368 365 371 387 370 384 366 384 376 358 361 381 382 358 379 391 360 356 371 367 385 381 357 388 373 364 372 366 334 379 367 391 375 362 360 356 375 374 391 390 385 368 380 370 364 358 362 370 390 356 390 369 383 384 360 363
"MDPEP714" 353 329 349 348 329 330 339 344 367 342 360 338 345 357 354 361 364 343 360 360 331 342 359 326 336 339 352 356 337 345 346 348 336 355 352 358 345 327 351 359 355 336 359 345 350 339 344 352 351 333 348 347 338 328 344 361 345 345 356 346 356 353 354 311 338 343 338 342 353 343 341 340 350 350 347 340 346 341 345 339 342 359 333 330 345 344 345 354 337 358 338 353 340 334 352 361 356 365 335 341
"MDPEP715" 334 344 344 361 347 361 343 347 349 344 353 373 366 359 384 354 354 371 337 349 341 345 348 372 345 356 350 354 360 350 348 357 351 375 348 345 344 354 346 377 345 350 369 355 352 338 351 349 358 357 358 353 363 362 372 342 342 375 359 359 354 367 341 357 331 340 366 355 370 349 369 347 327 370 361 339 357 353 355 357 361 346 347 355 331 343 353 368 332 354 339 362 348 347 348 339 362 361 345 345
"MDPEP914" 368 317 324 346 364 338 335 340 354 333 337 346 348 346 327 342 325 347 343 344 360 345 328 334 343 340 335 346 346 342 353 363 350 336 345 361 344 324 346 337 348 346 347 355 342 337 339 328 353 342 348 344 348 335 352 330 359 351 349 352 343 345 348 339 342 340 346 320 362 350 342 358 345 346 349 339 349 336 346 350 343 348 346 337 347 334 349 342 347 349 333 356 325 346 335 334 348 351 341 357
"MDPEP915" 362 369 339 360 342 351 347 368 350 346 375 356 349 337 352 357 360 339 333 352 360 354 333 354 356 369 362 350 354 372 343 359 374 371 361 337 360 343 338 378 347 332 341 359 329 353 357 360 347 352 358 341 350 360 348 377 348 358 355 359 365 335 347 362 373 361 363 354 358 362 350 331 354 348 351 366 365 340 357 341 340 346 360 352 356 336 350 356 358 355 371 369 354 344 352 360 361 369 343 346
"MINEF514" 343 364 357 368 380 372 360 380 357 357 368 362 369 360 366 370 362 398 353 341 364 365 349 363 353 347 345 379 360 354 370 372 353 354 361 358 365 367 354 382 355 368 350 363 344 354 364 319 347 372 370 363 339 381 345 392 339 365 359 351 363 345 348 368 345 371 355 353 360 349 369 357 366 386 359 381 371 370 352 380 388 337 370 367 343 377 365 352 348 337 383 358 366 348 361 338 363 357 371 367
"MINEF515" 283 280 292 294 292 315 286 302 311 299 315 328 304 289 277 311 306 322 291 301 302 293 296 303 316 297 306 298 284 287 288 292 296 309 287 297 287 305 293 301 298 294 291 305 290 310 298 292 305 309 303 287 272 293 279 295 308 299 302 295 295 288 304 298 295 324 297 297 297 286 295 296 291 291 290 297 283 283 321 302 292 308 288 311 297 289 289 305 289 291 298 298 306 299 291 288 288 288 307 296
"MINEF714" 259 256 265 271 271 267 254 271 269 270 257 251 280 262 256 261 254 263 261 269 272 274 264 272 272 268 262 274 276 272 281 274 272 250 275 253 266 259 249 242 267 265 269 261 263 260 255 260 266 261 245 256 263 270 255 253 276 265 252 250 244 269 258 263 280 275 280 260 266 275 252 277 270 270 258 277 281 274 270 262 279 260 278 290 249 263 262 258 265 280 272 281 270 260 266 265 261 245 262 264
"MINEF715" 286 274 279 282 262 304 274 271 283 296 290 304 293 295 286 288 282 301 283 297 292 292 281 273 300 300 290 285 291 293 267 288 288 292 272 275 269 298 282 309 296 293 291 293 291 282 287 288 305 289 293 282 301 286 283 280 292 297 293 294 281 290 292 277 271 288 293 305 310 297 295 297 296 282 285 296 291 280 280 283 292 291 292 297 305 294 269 284 307 275 291 301 296 295 301 288 313 285 292 312
"MINEF914" 292 303 305 310 299 312 310 314 320 303 306 293 299 284 304 306 298 306 295 288 299 285 301 302 301 303 288 306 313 304 305 310 307 282 328 318 293 295 315 313 328 288 313 297 314 299 306 292 302 305 310 304 304 303 298 306 301 324 302 302 292 293 295 311 288 305 306 312 294 302 294 316 312 312 296 307 306 295 293 301 293 303 289 303 290 307 302 280 296 297 295 297 291 308 300 316 297 308 283 300
"MINEF915" 282 283 267 296 281 286 284 287 282 270 288 287 268 277 272 288 298 260 290 298 275 286 274 278 286 275 281 279 257 261 264 288 285 282 294 292 281 289 286 285 285 272 272 282 283 294 286 292 281 284 271 287 281 278 289 304 301 291 269 305 268 292 286 289 287 265 286 293 283 287 285 292 281 301 281 285 289 270 287 278 265 310 288 297 281 297 279 300 286 287 280 280 303 287 270 290 280 271 287 260
"MINEJ515" 516 516 508 517 521 514 488 500 519 501 522 509 517 488 494 520 534 507 491 515 503 503 508 503 526 508 516 496 519 502 501 509 525 488 507 483 500 501 516 498 495 499 508 502 520 515 527 501 522 493 503 477 512 527 512 484 520 507 489 476 507 508 498 506 511 490 506 497 512 527 506 518 492 508 540 492 501 519 485 538 491 525 502 540 515 524 511 505 501 530 505 482 483 498 492 501 486 516 476 512
"MINEJ715" 417 420 415 406 386 405 390 408 401 395 405 371 415 426 403 400 400 391 400 414 414 414 424 413 412 413 395 412 409 413 372 398 392 392 424 414 411 418 421 389 394 404 409 420 427 409 421 417 399 379 405 395 427 417 405 398 397 404 385 404 399 427 403 415 417 403 402 408 419 433 407 389 405 399 404 407 396 406 398 396 393 406 414 408 404 399 410 419 418 407 397 418 401 408 401 397 411 402 402 407
"MINEJ915" 393 418 409 400 408 406 411 423 391 413 400 412 390 399 405 399 411 423 421 407 406 409 393 398 408 400 414 402 403 400 410 392 413 403 404 402 397 419 386 408 425 393 407 418 407 405 402 401 409 420 412 400 429 398 395 392 411 395 423 404 400 404 382 408 401 399 416 415 401 409 393 406 415 403 417 419 409 396 394 417 406 424 401 409 385 412 388 397 418 397 411 414 424 406 419 406 414 400 384 402
"MINEK515" 265 279 294 277 280 279 284 290 286 297 297 281 279 296 283 271 291 284 286 281 287 269 287 310 287 274 280 279 277 303 283 291 308 306 284 281 279 302 284 293 276 278 286 282 279 293 279 284 281 284 294 275 264 283 269 285 281 293 290 285 286 272 291 281 286 293 288 272 280 293 289 270 287 280 297 280 277 277 260 296 275 286 297 263 284 288 284 278 287 292 280 271 294 280 269 288 284 283 277 285
"MINEK715" 220 235 235 242 224 234 247 241 239 221 234 219 223 241 247 229 244 226 228 235 237 232 232 215 233 214 226 230 223 214 241 237 239 230 234 222 232 234 228 233 243 231 233 218 233 238 236 245 226 232 232 252 229 236 240 218 217 241 230 240 227 242 241 230 235 217 232 235 222 254 233 223 235 228 228 248 240 219 230 245 237 221 233 244 234 235 248 243 231 237 234 243 224 224 244 240 242 226 226 220
"MINEK915" 330 319 320 333 324 339 333 322 345 328 325 337 339 320 343 324 326 328 350 326 327 313 329 345 312 329 329 305 317 323 338 336 324 331 322 341 325 335 321 333 321 316 353 326 332 324 325 327 313 335 318 319 324 334 317 331 338 326 326 337 326 324 348 337 316 318 340 315 329 353 315 348 337 309 344 323 325 328 331 339 325 329 320 339 320 328 305 333 333 308 328 325 329 341 319 330 335 321 324 324
"MINEP514" 321 329 342 351 339 342 319 338 343 325 326 334 326 337 330 321 334 338 331 336 333 331 325 345 327 339 338 331 329 342 331 336 327 340 328 332 340 330 330 328 341 338 345 346 328 346 330 338 339 341 342 340 320 334 342 341 330 332 328 332 329 328 348 338 332 334 332 344 329 344 331 336 325 328 335 320 339 336 323 339 330 341 333 336 325 334 330 338 328 332 332 335 332 333 334 326 330 329 335 334
"MINEP515" 395 400 399 376 387 383 380 396 384 395 397 395 401 382 400 392 401 369 398 392 381 398 405 393 391 401 378 381 383 387 385 378 398 393 407 367 389 385 397 396 382 396 409 390 386 400 406 384 388 392 429 403 397 410 410 414 386 396 399 405 393 375 408 386 418 384 393 397 389 393 393 382 396 380 401 393 401 386 383 397 393 387 401 410 397 373 406 409 395 393 389 386 383 401 389 409 410 401 425 396
"MINEP714" 390 380 378 380 390 400 403 381 391 399 389 372 376 366 393 384 386 391 379 381 381 373 394 372 379 370 394 375 371 380 389 391 367 387 374 404 399 386 403 391 376 378 391 396 382 386 378 370 400 396 378 386 396 375 397 405 382 376 383 384 391 392 396 401 390 386 378 382 400 373 375 387 409 378 380 388 352 375 381 373 404 379 394 386 375 382 374 374 407 363 380 365 373 375 395 384 394 378 390 393
"MINEP715" 422 421 417 449 410 427 430 423 427 441 442 426 440 424 420 426 407 439 428 432 414 426 419 426 418 440 423 428 456 432 435 421 434 417 399 444 431 452 418 424 426 434 419 433 449 416 422 417 434 419 427 428 422 432 417 424 426 433 407 429 424 408 432 436 418 430 413 434 455 432 436 424 413 426 431 449 428 440 438 427 432 424 432 415 416 429 410 421 441 435 419 414 429 429 421 442 403 415 423 421
"MINEP914" 470 477 490 449 459 460 468 461 450 472 451 475 479 473 474 479 484 452 465 472 486 461 449 465 465 491 473 477 473 465 475 466 465 468 487 469 478 486 468 458 488 451 459 459 483 485 433 473 510 473 456 462 475 451 459 488 460 483 480 465 471 448 486 481 461 465 462 478 477 479 469 479 454 455 478 450 468 491 486 481 448 486 470 489 494 496 479 490 467 475 451 477 468 475 471 459 462 473 486 441
"MINEP915" 394 400 433 407 409 396 401 407 411 414 421 416 387 411 413 401 420 407 395 409 398 397 414 406 396 427 413 394 410 413 413 394 394 389 400 391 434 408 419 407 411 395 416 405 397 396 385 406 399 408 391 396 407 402 416 406 400 424 418 387 399 396 413 414 405 391 413 405 410 408 411 389 422 403 399 379 424 416 404 400 409 423 417 403 403 403 399 412 398 395 419 393 385 411 403 407 411 405 395 434
"MOTEF514" 240 254 254 246 239 247 238 249 237 248 246 250 245 244 238 245 230 249 251 255 243 234 247 248 237 244 244 249 243 245 249 239 244 253 242 239 242 235 229 243 230 248 256 249 255 246 240 241 242 266 269 241 247 239 248 242 253 239 247 241 258 244 240 251 248 256 233 240 243 252 236 245 242 247 232 251 234 252 266 250 247 244 243 243 240 255 254 244 241 244 247 252 252 251 268 243 244 242 256 251
"MOTEF515" 189 189 186 187 186 189 188 182 197 177 178 185 180 181 199 181 183 198 189 177 182 194 198 179 199 196 184 186 176 188 197 189 195 184 177 193 192 178 183 197 192 197 176 208 186 191 202 195 197 174 188 189 192 187 193 175 186 187 200 194 191 187 187 187 189 188 189 177 177 194 199 185 189 191 188 206 194 194 180 181 181 187 189 189 186 189 189 176 189 180 194 181 191 191 178 175 181 189 188 191
"MOTEF714" 248 238 239 242 255 246 228 255 244 245 241 245 234 246 253 234 235 232 242 233 242 250 239 249 242 245 229 236 243 252 232 238 224 238 246 234 242 252 236 255 252 239 235 233 240 243 235 240 243 245 260 243 238 242 235 239 235 242 249 252 236 252 242 239 235 245 234 240 253 248 252 244 229 239 243 245 228 256 245 258 245 235 239 240 244 243 238 244 241 245 241 252 229 251 244 244 238 253 259 244
"MOTEF715" 202 208 214 211 202 201 194 204 193 197 211 213 202 206 206 204 199 200 189 195 212 198 205 199 208 205 193 224 202 209 203 203 201 204 195 199 199 205 200 203 206 203 198 203 210 205 189 208 203 204 214 202 197 197 209 196 207 192 199 220 211 212 202 204 216 204 217 203 211 211 201 197 206 199 212 184 204 196 202 206 191 210 213 204 193 201 201 205 196 200 210 211 206 215 201 216 199 201 208 203
"MOTEF914" 279 267 285 274 267 266 270 270 278 267 268 275 271 272 281 268 262 262 269 285 267 292 279 280 261 272 258 261 276 276 261 265 284 278 262 256 272 273 278 279 277 262 258 265 273 264 261 263 274 265 276 268 258 287 275 268 256 267 256 268 277 275 272 287 263 279 275 262 273 259 248 257 277 268 255 283 271 271 263 272 267 284 269 286 265 255 268 274 244 270 255 261 267 282 269 264 272 269 276 280
"MOTEF915" 263 249 280 269 273 274 282 267 287 263 253 280 283 269 272 271 272 278 255 263 267 281 282 268 285 265 266 256 266 273 271 266 284 291 273 282 289 265 275 286 275 274 283 278 266 253 284 265 266 271 280 273 269 277 267 266 277 255 271 271 279 279 278 281 278 272 282 278 275 303 283 280 268 278 295 285 277 275 285 280 280 267 281 280 273 270 271 270 266 267 277 254 270 288 285 271 289 266 263 260
"MOTEJ515" 350 324 326 330 343 348 345 333 343 338 340 339 347 335 332 342 327 320 318 337 347 345 314 363 341 346 356 343 347 324 343 334 344 323 322 351 333 329 336 328 333 325 341 330 328 344 343 351 336 332 343 365 332 325 333 334 335 324 343 326 362 338 329 333 340 317 332 340 339 353 331 338 349 327 322 377 343 346 326 335 326 340 329 335 335 336 324 335 342 332 341 327 343 343 347 342 338 335 349 346
"MOTEJ715" 250 249 251 230 251 247 252 241 236 243 248 244 244 251 246 238 247 236 249 235 230 244 241 237 236 238 244 243 246 241 245 250 235 243 251 243 234 240 233 227 233 245 232 245 238 246 249 240 252 242 244 231 251 238 234 256 258 249 245 244 236 242 258 241 217 236 262 260 240 230 251 246 253 256 237 237 239 242 254 218 240 248 256 246 229 257 242 253 239 233 251 241 231 248 241 228 247 245 251 239
"MOTEJ915" 303 303 304 300 294 304 306 310 293 293 325 295 307 301 317 315 316 290 301 294 290 310 300 310 290 297 292 282 309 300 302 288 293 301 298 295 296 290 312 308 293 279 303 290 304 281 300 302 307 300 298 302 303 309 307 312 300 298 294 310 296 324 282 303 296 297 298 312 314 289 294 296 300 286 302 299 282 302 317 302 285 302 275 312 300 299 298 297 292 294 307 311 313 301 297 302 296 296 301 296
"MOTEK515" 204 194 181 198 200 188 203 197 192 196 179 179 175 199 195 189 192 176 202 192 190 178 189 189 189 189 189 193 195 180 194 191 184 197 179 183 182 187 204 197 205 200 200 192 197 196 188 194 198 185 184 196 184 197 189 200 189 181 193 191 187 191 198 193 184 185 199 190 194 192 195 188 189 196 190 192 196 177 200 187 197 181 191 194 179 198 191 202 192 183 182 201 194 189 200 188 188 181 197 198
"MOTEK715" 181 173 170 184 179 178 176 175 186 179 191 184 174 175 181 176 176 168 177 188 184 175 170 184 167 184 169 177 180 178 187 182 187 169 167 185 175 166 175 173 172 186 167 176 183 184 181 174 176 179 164 180 174 174 163 171 185 179 173 185 178 179 174 184 187 181 184 187 175 170 178 172 179 169 177 181 180 181 174 173 187 181 182 174 177 178 172 186 172 178 176 179 172 179 189 178 180 179 182 173
"MOTEK915" 260 264 273 276 276 255 280 263 273 265 258 275 273 255 266 253 265 262 258 265 257 272 280 265 259 263 268 252 259 266 295 265 258 278 261 281 264 243 273 255 288 258 273 259 265 280 261 258 261 269 265 269 252 268 256 266 270 277 264 270 254 263 233 271 275 263 268 266 261 260 267 253 280 265 267 260 272 276 266 259 270 271 272 277 272 260 274 283 272 281 252 255 272 275 276 274 262 277 262 264
"MOTEP514" 390 389 398 388 394 385 402 373 374 371 390 387 371 388 394 413 388 393 391 395 390 360 392 410 400 358 393 392 384 380 369 382 412 399 381 399 380 399 400 392 381 377 386 403 398 393 411 377 410 418 389 372 412 381 374 393 410 397 403 397 398 377 358 392 396 422 387 387 382 406 405 399 409 402 389 391 391 375 371 406 387 375 399 382 413 395 380 405 397 404 386 382 394 374 357 399 366 388 412 398
"MOTEP515" 312 322 333 324 337 314 320 331 326 326 342 303 341 313 348 324 319 336 328 336 332 306 327 327 330 331 320 325 325 314 312 342 327 324 316 316 332 311 325 336 331 330 308 296 318 320 321 344 331 309 312 344 320 338 328 324 324 326 325 340 320 327 320 319 346 346 320 321 313 314 320 313 334 321 337 325 300 331 329 315 309 322 326 314 343 327 322 318 338 327 337 323 320 340 317 327 311 341 317 321
"MOTEP714" 331 306 323 332 326 336 335 314 327 330 346 344 315 334 322 319 338 320 332 325 319 337 329 332 323 320 340 345 319 327 329 349 321 333 319 324 316 320 329 328 340 344 349 328 340 323 321 339 316 327 334 334 331 342 322 333 331 345 324 331 315 322 338 331 319 324 340 333 310 338 334 350 323 339 339 342 332 333 311 327 334 331 350 334 338 335 326 329 312 337 340 332 326 330 328 341 313 337 326 326
"MOTEP715" 287 297 278 280 283 274 281 281 272 296 295 280 278 277 295 280 292 279 275 283 282 292 293 274 288 277 290 285 280 280 271 297 282 274 291 278 292 281 288 278 283 270 286 296 282 293 285 285 298 286 278 286 285 271 286 280 265 278 287 276 284 296 282 275 285 288 284 277 288 287 290 269 283 276 294 276 276 278 280 280 287 285 283 291 267 283 291 274 270 286 276 281 286 291 288 280 288 289 295 267
"MOTEP914" 337 320 330 325 315 326 345 325 339 352 347 340 343 317 331 342 326 347 321 317 333 332 316 348 338 336 323 331 332 328 335 335 352 331 341 321 328 323 326 339 331 315 353 335 330 318 332 336 348 312 331 325 339 354 333 326 337 320 333 322 326 335 348 344 332 336 334 307 334 341 328 338 333 339 333 337 330 321 352 328 335 328 336 326 326 329 330 334 321 340 321 332 331 330 320 336 341 340 349 337
"MOTEP915" 341 323 331 339 311 322 331 338 330 329 329 334 348 330 328 328 343 312 348 324 346 346 323 334 341 328 329 335 321 337 321 346 329 319 324 325 347 342 329 331 326 320 326 333 335 328 344 328 352 333 359 369 321 322 318 313 337 344 326 332 321 332 352 353 337 334 345 322 314 336 328 338 311 351 329 317 332 335 317 336 326 306 361 319 343 325 331 328 328 343 309 343 333 321 334 342 347 327 338 326
